BOUNDARIES
12
BOUNDARY 1
12
 6452886.414928   1871825.568177
 6452748.245658   1871929.500814
 6452559.944175   1872082.342927
 6452168.641465   1872424.232852
 6451789.460510   1872753.778417
 6451758.186315   1872781.246775
 6451694.380663   1872837.634735
 6451635.559835   1872889.041404
 6451378.217005   1873117.869630
 6451184.468129   1873317.266007
 6451148.165098   1873358.128375
 6451087.150933   1873429.061628
BOUNDARY 2
23
 6452355.896292   1872111.251278
 6452316.923317   1872161.163736
 6452259.370126   1872222.803614
 6452201.437848   1872284.356709
 6452129.565205   1872357.829252
 6452101.201687   1872386.172607
 6452058.694241   1872425.194213
 6451988.749222   1872487.659655
 6451935.051243   1872533.339206
 6451884.132846   1872578.836718
 6451879.615410   1872583.195267
 6451776.262132   1872673.424543
 6451683.659859   1872754.192697
 6451573.738162   1872850.529055
 6451486.261357   1872926.951759
 6451466.010849   1872943.918940
 6451393.942814   1873004.153503
 6451351.728316   1873038.399178
 6451300.223290   1873078.558525
 6451278.259265   1873094.280398
 6451272.028348   1873098.171949
 6451262.370431   1873104.398451
 6451243.989202   1873113.115531
BOUNDARY 3
19
 6451168.521751   1873027.852102
 6451164.579632   1873035.076237
 6451160.645019   1873043.833520
 6451158.350949   1873056.410016
 6451159.393061   1873071.356402
 6451161.360384   1873077.432886
 6451164.579632   1873085.117853
 6451167.977755   1873091.015620
 6451171.554685   1873095.483620
 6451177.277815   1873101.738819
 6451183.179786   1873106.564251
 6451189.618281   1873109.959935
 6451201.151622   1873114.360820
 6451208.628702   1873115.917441
 6451216.105817   1873116.695751
 6451223.738694   1873116.851417
 6451230.436931   1873116.384438
 6451238.225604   1873114.983464
 6451243.989202   1873113.115531
BOUNDARY 4
19
 6451173.561779   1872997.979306
 6451159.827804   1873008.328688
 6451148.345301   1873023.177803
 6451139.789726   1873038.026936
 6451139.114271   1873050.626194
 6451142.041199   1873067.500194
 6451147.669845   1873083.924235
 6451159.602663   1873100.573246
 6451168.383378   1873110.022689
 6451178.390702   1873117.514054
 6451190.240245   1873122.941212
 6451200.114853   1873126.641562
 6451218.135990   1873129.848522
 6451239.119531   1873128.121694
 6451256.646952   1873121.707775
 6451270.471395   1873114.307094
 6451288.986284   1873101.972626
 6451312.191618   1873084.704370
 6451338.359321   1873064.969221
BOUNDARY 5
7
 6451525.285169   1872909.549870
 6451505.816158   1872926.538257
 6451475.242508   1872952.935058
 6451435.129901   1872985.686655
 6451407.002172   1873008.906077
 6451376.183968   1873034.080813
 6451338.359321   1873064.969221
BOUNDARY 6
10
 6451475.242508   1872952.935058
 6451452.917064   1872973.671106
 6451421.088348   1873002.537106
 6451372.676591   1873047.172500
 6451283.970698   1873131.332381
 6451214.161503   1873201.626450
 6451146.864675   1873273.766440
 6451075.718152   1873353.682503
 6451043.781718   1873391.604998
 6451012.487955   1873430.627564
BOUNDARY 7
61
 6452883.793540   1871772.587781
 6452844.182199   1871801.477255
 6452807.251324   1871827.686263
 6452770.022586   1871855.980069
 6452731.006904   1871885.465203
 6452695.565177   1871913.163359
 6452656.251665   1871942.350663
 6452618.129472   1871973.324945
 6452582.389884   1872002.512240
 6452546.054668   1872032.890863
 6452507.336816   1872066.545611
 6452473.682067   1872096.328575
 6452435.559829   1872129.685481
 6452400.415932   1872160.659763
 6452363.485057   1872192.527534
 6452327.745501   1872224.097475
 6452293.792922   1872253.582609
 6452255.388655   1872286.445718
 6452219.832264   1872317.938522
 6452185.969035   1872347.738164
 6452148.380850   1872380.246864
 6452111.131298   1872412.755564
 6452073.252954   1872445.998982
 6452037.774254   1872476.870058
 6452001.557222   1872508.784704
 6451965.835778   1872540.134269
 6451930.608140   1872570.585315
 6451891.183189   1872605.874781
 6451864.026804   1872629.722730
 6451841.005941   1872648.883807
 6451805.716417   1872680.037771
 6451770.426861   1872710.640329
 6451732.518255   1872743.999903
 6451696.211184   1872776.159584
 6451659.856848   1872807.524110
 6451624.215342   1872838.532220
 6451588.573836   1872869.718538
 6451555.961771   1872898.944547
 6451534.933283   1872916.943508
 6451499.113569   1872948.842656
 6451463.554672   1872980.082239
 6451437.407633   1873004.002244
 6451427.515881   1873012.970059
 6451401.765657   1873036.208919
 6451392.113813   1873045.299610
 6451366.034419   1873069.237864
 6451356.500646   1873078.766830
 6451331.901086   1873101.404216
 6451322.470338   1873110.834964
 6451297.370690   1873134.644128
 6451287.809864   1873144.361689
 6451263.202492   1873168.498857
 6451253.484931   1873177.902948
 6451193.946221   1873239.834145
 6451185.396595   1873249.659835
 6451160.990664   1873275.423974
 6451152.403086   1873285.393460
 6451066.066606   1873382.993773
 6451057.538085   1873392.898945
 6451034.721919   1873421.248466
 6451028.644922   1873429.235375
BOUNDARY 8
51
 6452877.732723   1871789.960743
 6452832.908881   1871823.088842
 6452798.740682   1871848.009684
 6452755.168381   1871881.394204
 6452703.447761   1871920.845034
 6452671.845807   1871944.600618
 6452597.198467   1872004.986101
 6452557.106594   1872037.399991
 6452521.850034   1872068.086175
 6452485.783944   1872099.894290
 6452451.128257   1872130.508246
 6452414.266212   1872162.683617
 6452377.468271   1872194.765033
 6452340.350744   1872226.355855
 6452304.216188   1872258.949663
 6452270.175771   1872289.429198
 6452230.974513   1872322.440784
 6452195.617150   1872353.619766
 6452158.184229   1872386.337178
 6452122.057077   1872417.821330
 6452086.748757   1872448.739843
 6452049.040864   1872480.960388
 6452013.095190   1872512.781573
 6451977.849116   1872544.751343
 6451939.099585   1872577.345780
 6451903.020356   1872609.364031
 6451869.558214   1872639.188984
 6451794.881418   1872703.645185
 6451758.464063   1872735.564595
 6451720.664865   1872768.399743
 6451687.305292   1872798.313080
 6451649.810105   1872831.345772
 6451614.170052   1872862.132403
 6451577.486113   1872894.150079
 6451539.885874   1872927.246123
 6451503.413476   1872959.988792
 6451466.482850   1872992.463960
 6451435.773072   1873020.507959
 6451399.026015   1873054.434439
 6451363.502799   1873087.411622
 6451323.059448   1873125.878242
 6451297.269147   1873149.886669
 6451287.890855   1873159.358743
 6451195.595369   1873254.043205
 6451187.875799   1873263.279120
 6451163.050970   1873289.498760
 6451154.744022   1873299.216321
 6451099.394917   1873361.571538
 6451091.019163   1873371.551160
 6451068.208599   1873398.104082
 6451058.941808   1873408.618326
BOUNDARY 9
58
 6452891.281481   1871793.720627
 6452851.567577   1871822.290324
 6452813.063831   1871850.730547
 6452775.698890   1871879.516965
 6452737.106523   1871908.986513
 6452697.439726   1871939.269767
 6452659.561299   1871969.584036
 6452621.613290   1871999.651468
 6452594.576770   1872020.383424
 6452558.083608   1872052.026963
 6452519.898536   1872084.714606
 6452483.200032   1872116.091931
 6452447.335945   1872147.498335
 6452412.687589   1872177.891629
 6452375.810354   1872211.121620
 6452339.338401   1872242.528024
 6452302.719530   1872275.288545
 6452266.549687   1872306.620385
 6452228.706735   1872338.976056
 6452193.045269   1872369.774594
 6452155.459288   1872403.351550
 6452119.104952   1872433.646830
 6452083.107031   1872465.902393
 6452046.549465   1872498.642125
 6452010.685378   1872529.035419
 6451971.984583   1872562.873287
 6451937.133533   1872594.077048
 6451901.472068   1872625.686074
 6451863.176464   1872658.510816
 6451826.907133   1872689.511976
 6451791.043046   1872721.526246
 6451754.773692   1872754.148376
 6451718.504361   1872785.352158
 6451681.221920   1872818.379537
 6451644.894405   1872848.870286
 6451608.540069   1872881.482264
 6451572.007525   1872913.381411
 6451534.928741   1872946.031338
 6451499.544159   1872977.110710
 6451463.029337   1873010.602767
 6451417.814672   1873051.681900
 6451381.231777   1873085.431689
 6451345.809700   1873119.443153
 6451310.720980   1873152.638204
 6451285.811182   1873176.393244
 6451277.392716   1873186.276050
 6451252.165112   1873211.034740
 6451243.536994   1873220.694354
 6451218.872087   1873245.546827
 6451210.359915   1873255.204668
 6451186.687794   1873280.262994
 6451176.984282   1873291.245983
 6451153.525424   1873316.517571
 6451144.847633   1873326.511752
 6451112.732299   1873363.359290
 6451081.195077   1873399.200203
 6451058.561281   1873426.621917
 6451056.022234   1873430.104039
BOUNDARY 10
51
 6452897.375041   1871803.726636
 6452824.299407   1871856.723800
 6452788.065751   1871885.168913
 6452748.784405   1871913.275394
 6452711.196220   1871942.397771
 6452672.930771   1871972.874678
 6452634.665264   1872003.351568
 6452597.077079   1872033.151210
 6452558.134365   1872065.998542
 6452521.900709   1872097.491346
 6452487.021583   1872129.322782
 6452450.332738   1872159.702916
 6452413.997113   1872193.052050
 6452377.163740   1872224.410192
 6452340.330368   1872255.768334
 6452303.994743   1872287.624224
 6452268.399858   1872319.202026
 6452231.822490   1872350.774069
 6452195.630148   1872381.961088
 6452158.667755   1872415.073231
 6452122.090388   1872446.645274
 6452086.758147   1872478.114028
 6452048.492697   1872510.284096
 6452013.613571   1872541.776899
 6451975.348122   1872574.962864
 6451941.146260   1872605.778403
 6451903.896707   1872637.609839
 6451868.001684   1872669.441275
 6451830.217474   1872702.454355
 6451792.759569   1872735.459222
 6451756.349438   1872766.106599
 6451720.463193   1872798.063692
 6451685.624722   1872828.187182
 6451648.690668   1872862.501756
 6451611.756650   1872893.411076
 6451574.822632   1872926.154000
 6451538.936387   1872957.587207
 6451500.994410   1872990.622473
 6451464.824566   1873023.106218
 6451429.806629   1873055.589963
 6451394.513459   1873088.475081
 6451359.865104   1873120.691973
 6451324.811472   1873154.124588
 6451288.744763   1873188.975565
 6451256.225414   1873222.393742
 6451223.969851   1873256.787796
 6451188.763183   1873294.986715
 6451156.632537   1873330.408792
 6451126.678168   1873364.187126
 6451092.905046   1873402.647130
 6451071.814076   1873428.424982
BOUNDARY 11
10
 6452879.394420   1871762.002812
 6452837.583565   1871791.867709
 6452726.087950   1871874.493924
 6452627.533790   1871948.658418
 6452524.161472   1872035.662358
 6452398.958298   1872144.667918
 6452304.837031   1872226.093759
 6452211.492646   1872308.925374
 6452050.012879   1872450.368045
 6451525.351186   1872909.400577
BOUNDARY 12
13
 6452491.771784   1871966.495778
 6452482.578544   1871996.264365
 6452469.082177   1872020.962799
 6452444.362019   1872051.101073
 6452343.477928   1872157.071557
 6452291.290189   1872212.624838
 6452261.327185   1872243.704370
 6452223.228702   1872283.476056
 6452166.003479   1872341.913533
 6452150.817855   1872357.342137
 6452114.743063   1872391.781714
 6452087.030996   1872417.027051
 6452049.687988   1872450.520701
