BOUNDARIES
11
BOUNDARY 1
26
 6043353.877000   2131556.357000
 6043306.151000   2131663.243000
 6043271.183000   2131741.738000
 6043232.231000   2131825.291000
 6043197.725000   2131902.215000
 6043162.635000   2131980.869000
 6043125.966000   2132065.880000
 6043097.565000   2132137.373000
 6043071.279000   2132212.025000
 6043049.628000   2132279.467000
 6043029.273000   2132348.642000
 6043006.012000   2132435.034000
 6042988.589000   2132509.593000
 6042975.920000   2132570.627000
 6042965.977000   2132624.884000
 6042956.962000   2132677.710000
 6042947.816000   2132736.946000
 6042938.769000   2132799.023000
 6042927.725000   2132881.046000
 6042915.411000   2132974.760000
 6042898.970000   2133108.906000
 6042884.767000   2133223.299000
 6042870.817000   2133335.567000
 6042860.360000   2133417.834000
 6042847.500000   2133523.000000
 6042830.584993   2133665.770985
BOUNDARY 2
9
 6042921.713169   2133120.852927
 6042903.586773   2133229.692346
 6042888.804000   2133308.393000
 6042880.381564   2133362.311413
 6042871.769882   2133416.200981
 6042862.969258   2133470.059808
 6042853.980000   2133523.886000
 6042851.097887   2133540.568128
 6042830.586000   2133665.782000
BOUNDARY 3
54
 6043505.024000   2130989.120000
 6043463.207000   2131084.357000
 6043425.806000   2131169.608000
 6043393.317000   2131244.314000
 6043369.785000   2131297.206000
 6043333.976000   2131378.598000
 6043297.805000   2131461.868000
 6043275.914000   2131512.040000
 6043238.640000   2131600.552000
 6043205.866000   2131680.958000
 6043185.085000   2131733.063000
 6043154.755000   2131810.844000
 6043120.592000   2131899.947000
 6043099.491000   2131955.482000
 6043070.136000   2132033.606000
 6043044.689000   2132105.253000
 6043023.300000   2132168.171000
 6043006.040000   2132224.080000
 6042992.581000   2132269.859000
 6042979.974000   2132315.631000
 6042967.991000   2132361.679000
 6042956.787000   2132408.108000
 6042946.236000   2132454.037000
 6042936.111000   2132500.483000
 6042927.385000   2132546.728000
 6042919.032000   2132593.390000
 6042911.420000   2132640.566000
 6042904.500000   2132687.481000
 6042892.730000   2132774.070000
 6042885.823000   2132828.410000
 6042871.853000   2132940.047000
 6042857.637000   2133053.789000
 6042845.302000   2133148.281000
 6042833.528000   2133242.742000
 6042822.315000   2133337.577000
 6042810.523000   2133432.102000
 6042798.546000   2133526.799000
 6042785.685000   2133632.728000
 6042768.571000   2133770.790000
 6042755.705000   2133869.481000
 6042729.071000   2134058.889000
 6042699.269000   2134247.241000
 6042673.319000   2134404.801000
 6042645.451000   2134576.602000
 6042622.459000   2134717.780000
 6042599.566000   2134858.476000
 6042575.774000   2135016.057000
 6042557.142000   2135141.092000
 6042536.486000   2135282.444000
 6042516.877000   2135412.308000
 6042494.009000   2135557.612000
 6042481.660000   2135637.043000
 6042476.938000   2135668.295000
 6042438.324924   2135904.648576
BOUNDARY 4
53
 6043464.823000   2131050.830000
 6043452.219000   2131079.534000
 6043414.809000   2131164.805000
 6043382.333000   2131239.482000
 6043358.811000   2131292.351000
 6043322.981000   2131373.791000
 6043286.802000   2131457.078000
 6043264.885000   2131507.312000
 6043227.554000   2131595.958000
 6043194.737000   2131676.470000
 6043173.922000   2131728.660000
 6043143.563000   2131806.516000
 6043109.381000   2131895.668000
 6043088.266000   2131951.240000
 6043058.865000   2132029.487000
 6043033.354000   2132101.313000
 6043011.884000   2132164.469000
 6042994.550000   2132220.618000
 6042981.039000   2132266.573000
 6042968.382000   2132312.527000
 6042956.351000   2132358.760000
 6042945.106000   2132405.357000
 6042934.526000   2132451.416000
 6042924.350000   2132498.092000
 6042915.583000   2132544.558000
 6042907.202000   2132591.377000
 6042899.560000   2132638.735000
 6042892.619000   2132685.797000
 6042880.832000   2132772.505000
 6042873.919000   2132826.897000
 6042859.946000   2132938.558000
 6042845.734000   2133052.268000
 6042833.398000   2133146.762000
 6042821.615000   2133241.295000
 6042810.403000   2133336.130000
 6042798.617000   2133430.606000
 6042786.637000   2133525.323000
 6042773.774000   2133631.267000
 6042756.667000   2133769.276000
 6042743.813000   2133867.870000
 6042717.219000   2134057.013000
 6042687.422000   2134245.328000
 6042661.476000   2134402.865000
 6042633.606000   2134574.677000
 6042610.615000   2134715.852000
 6042587.711000   2134856.617000
 6042563.907000   2135014.277000
 6042545.271000   2135139.340000
 6042524.616000   2135280.681000
 6042505.017000   2135410.479000
 6042482.153000   2135555.757000
 6042463.631000   2135674.893000
 6042427.270613   2135902.228206
BOUNDARY 5
24
 6042900.243000   2132813.321000
 6042883.761000   2132941.535000
 6042869.541000   2133055.310000
 6042857.205000   2133149.800000
 6042845.440000   2133244.188000
 6042834.228000   2133339.024000
 6042822.430000   2133433.597000
 6042810.455000   2133528.275000
 6042797.595000   2133634.190000
 6042780.475000   2133772.304000
 6042767.596000   2133871.092000
 6042740.924000   2134060.764000
 6042711.115000   2134249.154000
 6042685.162000   2134406.737000
 6042657.295000   2134578.527000
 6042634.303000   2134719.708000
 6042611.422000   2134860.336000
 6042587.641000   2135017.837000
 6042569.014000   2135142.844000
 6042548.356000   2135284.208000
 6042528.737000   2135414.136000
 6042505.865000   2135559.466000
 6042493.666000   2135637.927000
 6042449.505712   2135907.103897
BOUNDARY 6
28
 6042959.708000   2132512.040000
 6042952.944000   2132544.888000
 6042944.169000   2132594.830000
 6042925.994000   2132712.249000
 6042913.590000   2132801.316000
 6042895.668000   2132943.023000
 6042881.444000   2133056.830000
 6042869.109000   2133151.318000
 6042857.353000   2133245.635000
 6042846.140000   2133340.472000
 6042834.336000   2133435.093000
 6042822.364000   2133529.751000
 6042809.506000   2133635.651000
 6042792.380000   2133773.817000
 6042779.488000   2133872.703000
 6042752.777000   2134062.640000
 6042722.962000   2134251.066000
 6042697.005000   2134408.672000
 6042669.140000   2134580.452000
 6042646.147000   2134721.636000
 6042623.277000   2134862.195000
 6042599.509000   2135019.617000
 6042580.885000   2135144.596000
 6042560.225000   2135285.971000
 6042540.597000   2135415.965000
 6042517.720000   2135561.321000
 6042499.215000   2135680.350000
 6042460.588365   2135910.235607
BOUNDARY 7
28
 6042971.245000   2132514.521000
 6042964.426659   2132548.832192
 6042958.099525   2132583.237490
 6042952.264904   2132617.729797
 6042946.924000   2132652.302000
 6042942.555856   2132679.772413
 6042938.455552   2132707.284128
 6042934.623479   2132734.834530
 6042931.060000   2132762.421000
 6042915.219000   2132883.791000
 6042907.575000   2132944.511000
 6042893.347000   2133058.351000
 6042881.012000   2133152.837000
 6042869.265000   2133247.081000
 6042858.053000   2133341.919000
 6042846.243000   2133436.589000
 6042834.273000   2133531.227000
 6042821.417000   2133637.112000
 6042804.284000   2133775.331000
 6042791.379000   2133874.314000
 6042764.629000   2134064.515000
 6042734.809000   2134252.979000
 6042708.847000   2134410.608000
 6042680.984000   2134582.378000
 6042657.991000   2134723.564000
 6042635.132000   2134864.055000
 6042611.376000   2135021.397000
 6042596.514000   2135121.136000
BOUNDARY 8
41
 6043454.204000   2131046.371000
 6043436.501000   2131086.022000
 6043389.228000   2131193.695000
 6043350.012000   2131283.381000
 6043309.415000   2131375.935000
 6043269.143000   2131467.954000
 6043233.473000   2131551.453000
 6043197.103000   2131638.893000
 6043162.953000   2131723.789000
 6043119.321000   2131836.093000
 6043084.786000   2131926.751000
 6043048.866000   2132022.422000
 6043012.701000   2132124.226000
 6042977.105000   2132236.284000
 6042954.612000   2132316.963000
 6042937.414000   2132383.986000
 6042923.432000   2132443.875000
 6042912.934000   2132493.916000
 6042903.801000   2132539.742000
 6042895.632000   2132584.667000
 6042888.324000   2132630.520000
 6042880.135000   2132686.538000
 6042867.009000   2132787.809000
 6042842.485000   2132983.416000
 6042816.444000   2133190.712000
 6042789.437000   2133409.697000
 6042759.719000   2133648.182000
 6042728.661000   2133891.793000
 6042701.138000   2134082.613000
 6042677.954000   2134229.681000
 6042656.662000   2134359.729000
 6042636.840000   2134480.664000
 6042615.776000   2134610.389000
 6042597.092000   2134725.193000
 6042581.097000   2134823.980000
 6042565.747000   2134921.224000
 6042545.722000   2135054.068000
 6042519.305000   2135236.464000
 6042486.928000   2135451.108000
 6042450.093000   2135687.118000
 6042415.918432   2135900.010474
BOUNDARY 9
9
 6042610.781000   2135107.937000
 6042596.837000   2135191.268000
 6042569.122000   2135357.959000
 6042540.766000   2135516.346000
 6042526.864000   2135595.588000
 6042503.635000   2135726.511000
 6042492.260000   2135792.015000
 6042475.905000   2135887.214000
 6042471.522556   2135913.511280
BOUNDARY 10
20
 6042610.781000   2135107.937000
 6042602.547000   2135201.332000
 6042595.489000   2135297.893000
 6042591.539000   2135361.787000
 6042590.441189   2135393.300417
 6042589.969002   2135424.829573
 6042590.122626   2135456.361942
 6042590.902000   2135487.885000
 6042592.850509   2135521.195666
 6042595.528096   2135554.455050
 6042598.933472   2135587.647150
 6042603.065000   2135620.756000
 6042607.950663   2135654.385490
 6042613.562699   2135687.902312
 6042619.898470   2135721.290712
 6042626.955000   2135754.535000
 6042633.360721   2135782.578770
 6042640.170594   2135810.526601
 6042647.383192   2135838.372625
 6042654.997000   2135866.111000
BOUNDARY 11
41
 6042933.833619   2133124.338875
 6042920.341000   2133202.503000
 6042904.186000   2133290.323000
 6042892.087000   2133364.689000
 6042876.865000   2133456.987000
 6042857.925000   2133573.490000
 6042834.531000   2133716.772000
 6042810.241000   2133865.547000
 6042781.327000   2134041.905000
 6042746.910000   2134254.825000
 6042724.456000   2134391.217000
 6042702.441000   2134525.023000
 6042680.294000   2134662.797000
 6042663.683000   2134763.816000
 6042645.110000   2134883.609000
 6042638.214000   2134938.423000
 6042632.403000   2135000.964000
 6042624.780000   2135081.673000
 6042617.660000   2135166.075000
 6042610.821000   2135250.381000
 6042605.603000   2135323.277000
 6042603.703879   2135355.909309
 6042602.501025   2135388.575032
 6042601.994989   2135421.259240
 6042602.186000   2135453.947000
 6042602.884615   2135481.283830
 6042604.139894   2135508.600273
 6042605.951287   2135535.884358
 6042608.318002   2135563.124128
 6042611.238999   2135590.307646
 6042614.713000   2135617.423000
 6042618.144360   2135641.594533
 6042621.932512   2135665.712122
 6042626.076613   2135689.770406
 6042630.575741   2135713.764035
 6042635.428896   2135737.687672
 6042640.635000   2135761.536000
 6042648.220542   2135792.461282
 6042656.371979   2135823.244506
 6042665.086476   2135853.874964
 6042674.361000   2135884.342000
