CENTERLINES
6
CENTERLINE
centerline5
486
 6451026.956133   1873421.868049
 6451030.034474   1873417.927505
 6451033.162337   1873414.026676
 6451036.293835   1873410.128760
 6451039.425332   1873406.230845
 6451042.556829   1873402.332930
 6451045.688326   1873398.435014
 6451048.741170   1873394.651370
 6451051.919398   1873390.791064
 6451055.135616   1873386.962752
 6451058.377309   1873383.155892
 6451061.619001   1873379.349033
 6451064.885896   1873375.563398
 6451068.153186   1873371.778096
 6451071.420476   1873367.992793
 6451074.687766   1873364.207491
 6451077.955056   1873360.422188
 6451081.124528   1873356.774138
 6451084.443292   1873353.034369
 6451087.762056   1873349.294601
 6451091.080820   1873345.554832
 6451094.399584   1873341.815064
 6451097.718347   1873338.075295
 6451101.037111   1873334.335526
 6451104.355875   1873330.595758
 6451107.674639   1873326.855989
 6451110.993403   1873323.116221
 6451114.312167   1873319.376452
 6451117.630931   1873315.636683
 6451120.949695   1873311.896915
 6451124.268459   1873308.157146
 6451127.587222   1873304.417378
 6451130.905986   1873300.677609
 6451134.224750   1873296.937840
 6451137.543514   1873293.198072
 6451140.862278   1873289.458303
 6451144.181042   1873285.718535
 6451147.499806   1873281.978766
 6451150.797468   1873278.220211
 6451154.039874   1873274.595056
 6451157.393050   1873270.885285
 6451160.817717   1873267.242207
 6451164.242385   1873263.599129
 6451167.667053   1873259.956051
 6451171.091720   1873256.312973
 6451174.516388   1873252.669895
 6451177.941056   1873249.026817
 6451181.359893   1873245.378300
 6451184.707267   1873241.663117
 6451188.054641   1873237.947935
 6451191.444866   1873234.272727
 6451194.883012   1873230.642222
 6451198.321158   1873227.011717
 6451201.759304   1873223.381212
 6451205.197449   1873219.750708
 6451208.635595   1873216.120203
 6451212.073741   1873212.489698
 6451215.511887   1873208.859193
 6451218.828175   1873205.369703
 6451222.322655   1873201.793355
 6451225.817134   1873198.217008
 6451229.311614   1873194.640661
 6451232.806093   1873191.064313
 6451236.300573   1873187.487966
 6451239.795052   1873183.911619
 6451243.289532   1873180.335271
 6451246.784011   1873176.758924
 6451250.292446   1873173.196435
 6451253.850943   1873169.683665
 6451257.409441   1873166.170894
 6451260.961787   1873162.652014
 6451264.508316   1873159.127357
 6451268.054844   1873155.602699
 6451271.601372   1873152.078041
 6451275.147900   1873148.553383
 6451278.694428   1873145.028726
 6451282.240956   1873141.504068
 6451285.767911   1873137.959972
 6451289.175538   1873134.546290
 6451292.743543   1873131.042470
 6451296.360521   1873127.590269
 6451299.987929   1873124.149061
 6451303.615336   1873120.707853
 6451307.242744   1873117.266645
 6451310.870152   1873113.825437
 6451314.497559   1873110.384228
 6451318.124967   1873106.943020
 6451321.711274   1873103.458492
 6451325.293281   1873099.969430
 6451328.892347   1873096.498350
 6451332.545801   1873093.084594
 6451336.199254   1873089.670839
 6451339.852708   1873086.257083
 6451343.506161   1873082.843328
 6451347.159615   1873079.429573
 6451350.813068   1873076.015817
 6451354.427218   1873072.560635
 6451358.009659   1873069.072031
 6451361.592100   1873065.583427
 6451365.237377   1873062.161054
 6451368.893010   1873058.749596
 6451372.548643   1873055.338138
 6451376.204277   1873051.926680
 6451379.818746   1873048.594527
 6451383.498505   1873045.209352
 6451387.178263   1873041.824177
 6451390.841787   1873038.421395
 6451394.499768   1873035.012600
 6451398.161133   1873031.607476
 6451401.855190   1873028.237809
 6451405.549248   1873024.868143
 6451409.243305   1873021.498476
 6451412.937362   1873018.128810
 6451416.631419   1873014.759143
 6451420.325476   1873011.389477
 6451424.018929   1873008.019156
 6451427.681982   1873004.689001
 6451431.385984   1873001.330375
 6451435.086457   1872997.967858
 6451438.782903   1872994.600900
 6451442.479348   1872991.233941
 6451446.175793   1872987.866983
 6451449.872238   1872984.500024
 6451453.568683   1872981.133066
 6451457.315453   1872977.716287
 6451461.005810   1872974.342444
 6451464.716449   1872970.990437
 6451468.427088   1872967.638431
 6451472.137728   1872964.286424
 6451475.848367   1872960.934418
 6451479.559006   1872957.582411
 6451529.797853   1872913.482606
 6451533.568510   1872910.198968
 6451537.349423   1872906.927053
 6451541.130336   1872903.655137
 6451544.911250   1872900.383222
 6451548.692163   1872897.111306
 6451552.467560   1872893.833085
 6451556.210991   1872890.518329
 6451559.954423   1872887.203573
 6451563.697855   1872883.888817
 6451567.441286   1872880.574062
 6451571.184718   1872877.259306
 6451574.928150   1872873.944550
 6451578.671581   1872870.629794
 6451582.415013   1872867.315038
 6451586.166053   1872864.008978
 6451589.929019   1872860.716550
 6451593.691985   1872857.424121
 6451597.454951   1872854.131692
 6451601.217917   1872850.839263
 6451604.980883   1872847.546835
 6451608.743849   1872844.254406
 6451612.506815   1872840.961977
 6451616.269781   1872837.669549
 6451620.032747   1872834.377120
 6451623.800002   1872831.089593
 6451627.567641   1872827.802505
 6451631.335280   1872824.515418
 6451635.102920   1872821.228331
 6451638.870559   1872817.941244
 6451642.638198   1872814.654157
 6451646.405838   1872811.367069
 6451650.173477   1872808.079982
 6451653.941116   1872804.792895
 6451657.711957   1872801.509466
 6451661.486418   1872798.230177
 6451665.260880   1872794.950887
 6451669.035342   1872791.671598
 6451672.809803   1872788.392308
 6451676.584265   1872785.113019
 6451680.358726   1872781.833729
 6451684.133188   1872778.554440
 6451687.907650   1872775.275150
 6451691.682111   1872771.995860
 6451695.437956   1872768.695292
 6451699.190935   1872765.391448
 6451702.943913   1872762.087604
 6451706.696892   1872758.783761
 6451710.449871   1872755.479917
 6451714.202850   1872752.176073
 6451717.955829   1872748.872229
 6451721.708808   1872745.568385
 6451725.461786   1872742.264542
 6451729.215653   1872738.961713
 6451732.973969   1872735.663969
 6451736.732285   1872732.366225
 6451740.490601   1872729.068482
 6451744.248916   1872725.770738
 6451748.007232   1872722.472994
 6451751.765548   1872719.175250
 6451755.523864   1872715.877507
 6451759.282180   1872712.579763
 6451763.040496   1872709.282019
 6451766.799614   1872705.985193
 6451770.569895   1872702.701125
 6451774.340176   1872699.417057
 6451778.110457   1872696.132989
 6451781.880738   1872692.848921
 6451785.651019   1872689.564853
 6451789.421300   1872686.280785
 6451793.191581   1872682.996718
 6451796.961862   1872679.712650
 6451800.732143   1872676.428582
 6451804.491861   1872673.132440
 6451808.247573   1872669.831720
 6451812.003285   1872666.531001
 6451815.758997   1872663.230281
 6451819.514709   1872659.929561
 6451823.270421   1872656.628841
 6451827.026133   1872653.328121
 6451830.781845   1872650.027401
 6451834.537557   1872646.726681
 6451838.308136   1872643.442955
 6451842.111740   1872640.196973
 6451845.915343   1872636.950992
 6451849.718946   1872633.705011
 6451853.522549   1872630.459029
 6451857.326153   1872627.213048
 6451861.115724   1872623.951028
 6451864.875738   1872620.655226
 6451868.635753   1872617.359423
 6451872.395767   1872614.063621
 6451876.155781   1872610.767818
 6451879.915795   1872607.472016
 6451883.675810   1872604.176213
 6451887.434362   1872600.878740
 6451891.178768   1872597.565098
 6451894.923175   1872594.251456
 6451898.667581   1872590.937814
 6451902.411987   1872587.624172
 6451906.156393   1872584.310530
 6451909.900800   1872580.996888
 6451913.645206   1872577.683246
 6451917.389612   1872574.369604
 6451921.134019   1872571.055962
 6451924.878425   1872567.742320
 6451928.637415   1872564.445348
 6451932.410309   1872561.164266
 6451936.183203   1872557.883185
 6451939.956096   1872554.602103
 6451943.728990   1872551.321021
 6451947.501884   1872548.039940
 6451951.274778   1872544.758858
 6451955.047671   1872541.477776
 6451958.820565   1872538.196695
 6451962.590996   1872534.912799
 6451966.351530   1872531.617590
 6451970.112064   1872528.322382
 6451973.872598   1872525.027173
 6451977.633132   1872521.731965
 6451981.393666   1872518.436756
 6451985.154200   1872515.141548
 6451988.914734   1872511.846339
 6451992.675268   1872508.551131
 6451996.435802   1872505.255922
 6452000.194021   1872501.958068
 6452003.951219   1872498.659047
 6452007.708418   1872495.360026
 6452011.465616   1872492.061005
 6452015.222814   1872488.761984
 6452018.980012   1872485.462962
 6452022.737210   1872482.163941
 6452026.494408   1872478.864920
 6452030.251607   1872475.565899
 6452034.009212   1872472.267343
 6452037.776729   1872468.980116
 6452041.544247   1872465.692890
 6452045.311765   1872462.405664
 6452049.079282   1872459.118437
 6452052.846800   1872455.831211
 6452056.616223   1872452.540995
 6452060.382807   1872449.252696
 6452064.149392   1872445.964397
 6452067.915976   1872442.676099
 6452071.678109   1872439.382718
 6452075.437683   1872436.086415
 6452079.197256   1872432.790112
 6452082.956830   1872429.493809
 6452086.716403   1872426.197506
 6452090.475977   1872422.901203
 6452094.235550   1872419.604900
 6452097.995124   1872416.308597
 6452101.754697   1872413.012294
 6452105.514271   1872409.715992
 6452109.276388   1872406.422593
 6452113.040541   1872403.131518
 6452116.804694   1872399.840443
 6452120.568846   1872396.549368
 6452124.332999   1872393.258293
 6452128.097152   1872389.967218
 6452131.861305   1872386.676143
 6452135.625457   1872383.385068
 6452139.389610   1872380.093993
 6452143.153763   1872376.802918
 6452146.922842   1872373.517467
 6452150.694375   1872370.234818
 6452154.465908   1872366.952169
 6452158.237442   1872363.669520
 6452162.008975   1872360.386872
 6452165.780508   1872357.104223
 6452169.552042   1872353.821574
 6452173.323575   1872350.538925
 6452177.095108   1872347.256276
 6452180.866642   1872343.973627
 6452184.627863   1872340.679206
 6452188.385240   1872337.380395
 6452192.142617   1872334.081584
 6452195.899993   1872330.782773
 6452199.657370   1872327.483962
 6452203.414747   1872324.185152
 6452207.172124   1872320.886341
 6452210.929501   1872317.587530
 6452214.686877   1872314.288719
 6452218.461875   1872310.950057
 6452222.203274   1872307.633139
 6452225.944672   1872304.316220
 6452229.686070   1872300.999302
 6452233.427468   1872297.682384
 6452237.168866   1872294.365466
 6452240.910264   1872291.048548
 6452244.651662   1872287.731630
 6452248.393061   1872284.414712
 6452252.140777   1872281.104914
 6452255.910492   1872277.819907
 6452259.680207   1872274.534900
 6452263.449923   1872271.249893
 6452267.219638   1872267.964886
 6452270.989354   1872264.679880
 6452274.759069   1872261.394873
 6452278.528784   1872258.109866
 6452282.298500   1872254.824859
 6452286.068215   1872251.539852
 6452289.836532   1872248.253269
 6452293.594150   1872244.954630
 6452297.351768   1872241.655990
 6452301.109386   1872238.357350
 6452304.867004   1872235.058710
 6452308.624621   1872231.760070
 6452312.334807   1872228.536578
 6452316.113066   1872225.261706
 6452319.891325   1872221.986835
 6452323.668366   1872218.710556
 6452327.432822   1872215.419730
 6452331.197278   1872212.128903
 6452334.961733   1872208.838076
 6452338.726189   1872205.547250
 6452342.490645   1872202.256423
 6452346.255100   1872198.965596
 6452350.019556   1872195.674770
 6452353.784012   1872192.383943
 6452357.548467   1872189.093116
 6452361.323380   1872185.814377
 6452365.106798   1872182.545469
 6452368.890216   1872179.276562
 6452372.673634   1872176.007654
 6452376.457052   1872172.738746
 6452380.240470   1872169.469838
 6452384.023888   1872166.200931
 6452387.807306   1872162.932023
 6452391.590724   1872159.663115
 6452395.374142   1872156.394207
 6452399.143921   1872153.109534
 6452402.910196   1872149.820810
 6452406.686959   1872146.513164
 6452410.448036   1872143.218542
 6452414.209112   1872139.923920
 6452417.970189   1872136.629298
 6452421.731265   1872133.334676
 6452425.492342   1872130.040054
 6452429.253418   1872126.745432
 6452433.017057   1872123.453753
 6452436.784026   1872120.165899
 6452440.550994   1872116.878045
 6452444.317963   1872113.590191
 6452448.084932   1872110.302337
 6452451.851900   1872107.014482
 6452455.618869   1872103.726628
 6452459.385838   1872100.438774
 6452463.152807   1872097.150920
 6452466.919775   1872093.863066
 6452470.683946   1872090.571998
 6452474.441702   1872087.273562
 6452478.199459   1872083.975127
 6452481.957215   1872080.676691
 6452485.714971   1872077.378256
 6452489.472728   1872074.079820
 6452493.230484   1872070.781385
 6452496.988240   1872067.482949
 6452500.745997   1872064.184514
 6452504.508362   1872060.891373
 6452508.280709   1872057.609696
 6452512.053056   1872054.328019
 6452515.825403   1872051.046342
 6452519.597750   1872047.764665
 6452523.370096   1872044.482988
 6452527.142443   1872041.201311
 6452530.857167   1872038.009719
 6452534.656933   1872034.759587
 6452538.456700   1872031.509455
 6452542.256940   1872028.259885
 6452546.087625   1872025.046488
 6452549.918310   1872021.833091
 6452553.748995   1872018.619694
 6452557.579680   1872015.406297
 6452561.410365   1872012.192900
 6452565.241050   1872008.979504
 6452569.071735   1872005.766107
 6452572.902420   1872002.552710
 6452576.733105   1871999.339313
 6452580.573869   1871996.137891
 6452584.423114   1871992.946546
 6452588.272359   1871989.755201
 6452592.121604   1871986.563855
 6452595.970848   1871983.372510
 6452599.820093   1871980.181165
 6452603.669338   1871976.989819
 6452607.518583   1871973.798474
 6452611.367828   1871970.607129
 6452615.218344   1871967.417294
 6452619.071622   1871964.230740
 6452622.924899   1871961.044185
 6452626.778176   1871957.857631
 6452630.631453   1871954.671076
 6452634.265217   1871951.785712
 6452638.204422   1871948.704913
 6452642.143626   1871945.624113
 6452646.082830   1871942.543314
 6452650.022035   1871939.462514
 6452653.984348   1871936.412423
 6452657.989242   1871933.418916
 6452661.994136   1871930.425408
 6452665.999029   1871927.431900
 6452670.003923   1871924.438392
 6452674.008817   1871921.444885
 6452678.013711   1871918.451377
 6452682.018604   1871915.457869
 6452686.023498   1871912.464361
 6452690.028392   1871909.470854
 6452694.012493   1871906.449716
 6452697.980207   1871903.406802
 6452701.947922   1871900.363887
 6452705.915636   1871897.320973
 6452709.883350   1871894.278059
 6452713.851064   1871891.235145
 6452717.818778   1871888.192231
 6452721.786492   1871885.149317
 6452725.754207   1871882.106402
 6452729.701651   1871879.108205
 6452733.704820   1871876.112343
 6452737.707989   1871873.116481
 6452741.711157   1871870.120618
 6452745.714326   1871867.124756
 6452749.717495   1871864.128894
 6452753.720664   1871861.133031
 6452757.723833   1871858.137169
 6452761.727001   1871855.141307
 6452765.730170   1871852.145444
 6452769.730240   1871849.145400
 6452773.729367   1871846.144084
 6452777.728495   1871843.142769
 6452781.727622   1871840.141453
 6452785.726750   1871837.140138
 6452789.725877   1871834.138822
 6452793.725005   1871831.137507
 6452797.724133   1871828.136191
 6452801.723260   1871825.134875
 6452805.742602   1871822.160837
 6452809.790377   1871819.225166
 6452813.838151   1871816.289494
 6452817.885926   1871813.353823
 6452821.933700   1871810.418152
 6452825.981475   1871807.482480
 6452830.029249   1871804.546809
 6452834.077024   1871801.611137
 6452838.124799   1871798.675466
 6452842.090319   1871795.800323
 6452846.144619   1871792.874018
 6452850.198920   1871789.947714
 6452854.253221   1871787.021409
 6452858.307521   1871784.095105
 6452862.361822   1871781.168801
 6452866.416122   1871778.242496
 6452870.470423   1871775.316192
 6452874.524723   1871772.389887
 6452878.579024   1871769.463583
CENTERLINE
centerline4
488
 6451055.255444   1873404.498996
 6451058.477554   1873400.674007
 6451061.699664   1873396.849019
 6451064.845189   1873393.210071
 6451068.105470   1873389.419216
 6451071.323148   1873385.692955
 6451074.608803   1873381.923899
 6451077.894459   1873378.154842
 6451081.180114   1873374.385786
 6451084.465769   1873370.616730
 6451087.745580   1873366.842504
 6451091.009712   1873363.054408
 6451094.273843   1873359.266312
 6451097.572570   1873355.508818
 6451100.888589   1873351.766622
 6451104.204609   1873348.024426
 6451107.520628   1873344.282230
 6451110.836648   1873340.540034
 6451114.152668   1873336.797838
 6451117.468687   1873333.055642
 6451120.784707   1873329.313445
 6451124.100727   1873325.571249
 6451127.416746   1873321.829053
 6451130.732766   1873318.086857
 6451134.048785   1873314.344661
 6451137.364805   1873310.602465
 6451140.680825   1873306.860269
 6451143.996844   1873303.118072
 6451147.312864   1873299.375876
 6451150.628884   1873295.633680
 6451153.910281   1873291.860858
 6451157.231649   1873288.028959
 6451160.532301   1873284.272879
 6451163.884629   1873280.561312
 6451167.106686   1873277.090294
 6451170.544786   1873273.459941
 6451173.982887   1873269.829587
 6451177.420987   1873266.199234
 6451180.859088   1873262.568880
 6451184.281667   1873258.923824
 6451187.607322   1873255.186953
 6451191.036769   1873251.243335
 6451194.400264   1873247.542181
 6451197.789150   1873243.863121
 6451201.065143   1873240.459190
 6451204.542836   1873236.866704
 6451208.020529   1873233.274219
 6451211.498222   1873229.681733
 6451214.975915   1873226.089248
 6451218.453607   1873222.496763
 6451221.931300   1873218.904277
 6451225.408993   1873215.311792
 6451228.886686   1873211.719307
 6451232.364379   1873208.126821
 6451235.842072   1873204.534336
 6451239.319765   1873200.941850
 6451242.797458   1873197.349365
 6451246.275151   1873193.756880
 6451249.752844   1873190.164394
 6451253.230536   1873186.571909
 6451256.708229   1873182.979423
 6451260.084795   1873179.583062
 6451263.627082   1873176.053540
 6451267.195864   1873172.496588
 6451270.726077   1873168.955297
 6451274.256291   1873165.414007
 6451277.786504   1873161.872717
 6451281.316718   1873158.331427
 6451284.849735   1873154.792995
 6451288.393610   1873151.265632
 6451292.000154   1873147.667618
 6451295.554394   1873144.150256
 6451299.139344   1873140.663110
 6451302.607069   1873137.331039
 6451306.250778   1873133.907015
 6451309.894487   1873130.482992
 6451313.538196   1873127.058969
 6451317.181905   1873123.634946
 6451320.817204   1873120.202057
 6451324.442467   1873116.758587
 6451328.154410   1873113.189827
 6451331.734228   1873109.698576
 6451335.314045   1873106.207326
 6451338.776217   1873102.943038
 6451342.427556   1873099.526985
 6451346.078895   1873096.110932
 6451349.730235   1873092.694880
 6451353.381574   1873089.278827
 6451357.032914   1873085.862774
 6451360.849199   1873082.287725
 6451364.450866   1873078.818358
 6451368.052533   1873075.348990
 6451371.503878   1873072.080301
 6451375.177868   1873068.688842
 6451378.851858   1873065.297382
 6451382.525847   1873061.905923
 6451386.199837   1873058.514463
 6451389.873827   1873055.123003
 6451393.547816   1873051.731544
 6451397.270773   1873048.285150
 6451400.927598   1873044.875129
 6451404.584424   1873041.465108
 6451408.175951   1873038.165324
 6451411.868878   1873034.794404
 6451415.561804   1873031.423485
 6451419.254730   1873028.052565
 6451422.947657   1873024.681646
 6451426.640583   1873021.310727
 6451430.333509   1873017.939807
 6451434.037781   1873014.562653
 6451437.736017   1873011.197667
 6451441.452048   1873007.815181
 6451445.142698   1873004.441889
 6451448.833349   1873001.068597
 6451452.524000   1872997.695304
 6451456.214651   1872994.322012
 6451459.905302   1872990.948720
 6451463.603361   1872987.583526
 6451467.325683   1872984.244852
 6451470.996173   1872981.018368
 6451474.751709   1872977.717465
 6451478.507244   1872974.416563
 6451482.262779   1872971.115660
 6451486.018314   1872967.814758
 6451489.773849   1872964.513855
 6451493.529384   1872961.212953
 6451497.284920   1872957.912051
 6451501.034466   1872954.604332
 6451504.795118   1872951.252365
 6451508.522444   1872947.919628
 6451512.249770   1872944.586890
 6451515.977096   1872941.254152
 6451519.704422   1872937.921414
 6451523.431748   1872934.588677
 6451527.159074   1872931.255939
 6451530.886399   1872927.923201
 6451534.613725   1872924.590463
 6451538.350263   1872921.268069
 6451542.043075   1872918.059489
 6451545.819122   1872914.781889
 6451549.595169   1872911.504288
 6451553.371216   1872908.226687
 6451557.147263   1872904.949086
 6451560.999074   1872901.574525
 6451564.737513   1872898.254199
 6451568.475953   1872894.933873
 6451572.214393   1872891.613547
 6451575.956703   1872888.297539
 6451579.702135   1872884.985016
 6451583.447568   1872881.672493
 6451587.193001   1872878.359970
 6451590.938433   1872875.047447
 6451594.646678   1872871.792616
 6451598.411616   1872868.502442
 6451602.176555   1872865.212267
 6451605.941494   1872861.922093
 6451609.706432   1872858.631919
 6451613.478020   1872855.349344
 6451617.251385   1872852.068800
 6451621.024750   1872848.788255
 6451624.798114   1872845.507711
 6451628.560133   1872842.238553
 6451632.338137   1872838.963379
 6451636.116141   1872835.688205
 6451639.894145   1872832.413031
 6451643.672149   1872829.137858
 6451647.444336   1872825.855998
 6451651.206348   1872822.562442
 6451654.968359   1872819.268886
 6451658.730370   1872815.975329
 6451662.492381   1872812.681773
 6451666.241861   1872809.409207
 6451670.010721   1872806.123424
 6451673.779581   1872802.837641
 6451677.548440   1872799.551859
 6451681.317300   1872796.266076
 6451685.080990   1872792.974301
 6451688.835514   1872789.671903
 6451692.590039   1872786.369504
 6451696.344563   1872783.067106
 6451700.147774   1872779.715891
 6451703.880520   1872776.389205
 6451707.613266   1872773.062519
 6451711.346012   1872769.735833
 6451715.078758   1872766.409147
 6451718.822669   1872763.095066
 6451722.581524   1872759.797856
 6451726.340379   1872756.500646
 6451730.099234   1872753.203436
 6451733.858089   1872749.906226
 6451737.606131   1872746.622889
 6451741.370301   1872743.331797
 6451745.134471   1872740.040706
 6451748.898641   1872736.749615
 6451752.662811   1872733.458523
 6451756.423996   1872730.164040
 6451760.180838   1872726.864621
 6451763.937679   1872723.565201
 6451767.694520   1872720.265782
 6451771.451361   1872716.966363
 6451775.182335   1872713.697300
 6451778.951153   1872710.411546
 6451782.719972   1872707.125791
 6451786.488790   1872703.840037
 6451790.257609   1872700.554283
 6451794.035223   1872697.278670
 6451797.816492   1872694.007274
 6451801.597762   1872690.735878
 6451805.379032   1872687.464482
 6451809.160302   1872684.193086
 6451812.963615   1872680.874141
 6451816.730429   1872677.585997
 6451820.497242   1872674.297852
 6451824.264055   1872671.009707
 6451828.030869   1872667.721562
 6451831.797682   1872664.433417
 6451835.564495   1872661.145272
 6451839.331309   1872657.857127
 6451843.098122   1872654.568983
 6451846.766990   1872651.419283
 6451850.581316   1872648.186185
 6451854.395642   1872644.953087
 6451858.209968   1872641.719989
 6451862.024295   1872638.486891
 6451865.838621   1872635.253792
 6451869.710327   1872631.869276
 6451873.455147   1872628.556172
 6451877.199968   1872625.243068
 6451880.944789   1872621.929964
 6451884.689609   1872618.616860
 6451888.434430   1872615.303756
 6451892.179250   1872611.990652
 6451895.955759   1872608.638428
 6451899.684967   1872605.307807
 6451903.417612   1872601.981025
 6451907.150257   1872598.654244
 6451910.882902   1872595.327462
 6451914.615547   1872592.000681
 6451918.348192   1872588.673899
 6451922.080837   1872585.347118
 6451925.813482   1872582.020336
 6451929.546127   1872578.693555
 6451933.278772   1872575.366773
 6451936.979621   1872572.144021
 6451940.784302   1872568.899713
 6451944.588983   1872565.655404
 6451948.393663   1872562.411095
 6451952.198344   1872559.166787
 6451956.003024   1872555.922478
 6451959.807705   1872552.678170
 6451963.612385   1872549.433861
 6451967.417066   1872546.189552
 6451971.248719   1872542.911586
 6451975.025884   1872539.635327
 6451978.756875   1872536.306456
 6451982.487866   1872532.977585
 6451986.218857   1872529.648713
 6451989.949848   1872526.319842
 6451993.680839   1872522.990970
 6451997.411830   1872519.662099
 6452001.142821   1872516.333227
 6452004.873812   1872513.004356
 6452008.609638   1872509.664657
 6452012.351988   1872506.348786
 6452016.099549   1872503.038829
 6452019.847111   1872499.728872
 6452023.594672   1872496.418915
 6452027.342234   1872493.108958
 6452031.089795   1872489.799001
 6452034.837357   1872486.489044
 6452038.584918   1872483.179087
 6452042.310750   1872479.894382
 6452046.072280   1872476.600274
 6452049.858986   1872473.335099
 6452053.645691   1872470.069925
 6452057.432397   1872466.804750
 6452061.219102   1872463.539575
 6452065.005807   1872460.274400
 6452068.792513   1872457.009226
 6452072.579218   1872453.744051
 6452076.365924   1872450.478876
 6452080.164094   1872447.191568
 6452083.939600   1872443.913418
 6452087.699401   1872440.617374
 6452091.459202   1872437.321331
 6452095.219003   1872434.025287
 6452098.978803   1872430.729243
 6452102.738604   1872427.433199
 6452106.498405   1872424.137155
 6452110.258206   1872420.841111
 6452114.018007   1872417.545067
 6452117.769968   1872414.263298
 6452121.537558   1872410.976162
 6452125.305844   1872407.689823
 6452129.074131   1872404.403485
 6452132.842417   1872401.117146
 6452136.610703   1872397.830807
 6452140.378989   1872394.544469
 6452144.147276   1872391.258130
 6452147.915562   1872387.971791
 6452151.683848   1872384.685453
 6452155.439690   1872381.422448
 6452159.212972   1872378.141821
 6452162.986254   1872374.861194
 6452166.759536   1872371.580567
 6452170.532818   1872368.299940
 6452174.306100   1872365.019313
 6452178.079382   1872361.738686
 6452181.852664   1872358.458059
 6452185.625946   1872355.177432
 6452189.399228   1872351.896805
 6452193.191392   1872348.567424
 6452196.943263   1872345.262357
 6452200.695134   1872341.957290
 6452204.447005   1872338.652222
 6452208.198876   1872335.347155
 6452211.950747   1872332.042088
 6452215.702618   1872328.737020
 6452219.454489   1872325.431953
 6452223.206360   1872322.126886
 6452226.966112   1872318.804666
 6452230.746000   1872315.531205
 6452234.530345   1872312.262775
 6452238.314690   1872308.994345
 6452242.099035   1872305.725915
 6452245.883380   1872302.457486
 6452249.667724   1872299.189056
 6452253.452069   1872295.920626
 6452257.236414   1872292.652196
 6452260.956146   1872289.463472
 6452264.767965   1872286.227668
 6452268.550430   1872282.957561
 6452272.312877   1872279.664060
 6452276.075324   1872276.370560
 6452279.837772   1872273.077059
 6452283.600219   1872269.783559
 6452287.362666   1872266.490058
 6452291.125113   1872263.196558
 6452294.887560   1872259.903058
 6452298.675567   1872256.578247
 6452302.423012   1872253.267894
 6452306.167301   1872249.953906
 6452309.911590   1872246.639917
 6452313.655879   1872243.325929
 6452317.400168   1872240.011941
 6452321.144457   1872236.697953
 6452324.888746   1872233.383965
 6452328.633035   1872230.069977
 6452332.404081   1872226.721888
 6452336.134241   1872223.392237
 6452339.900638   1872220.103608
 6452343.678456   1872216.827908
 6452347.456273   1872213.552208
 6452351.234090   1872210.276508
 6452355.011908   1872207.000807
 6452358.789725   1872203.725107
 6452362.567542   1872200.449407
 6452366.345360   1872197.173707
 6452370.090923   1872193.956417
 6452373.887523   1872190.702786
 6452377.664916   1872187.426895
 6452381.442086   1872184.150747
 6452385.219257   1872180.874600
 6452388.996427   1872177.598452
 6452392.773598   1872174.322304
 6452396.550769   1872171.046156
 6452400.327939   1872167.770008
 6452404.146096   1872164.456124
 6452407.906048   1872161.160226
 6452411.665760   1872157.864056
 6452415.424742   1872154.567058
 6452419.183725   1872151.270060
 6452422.942707   1872147.973062
 6452426.701690   1872144.676064
 6452430.460672   1872141.379066
 6452434.219654   1872138.082068
 6452437.978637   1872134.785070
 6452441.727002   1872131.505541
 6452445.491885   1872128.215303
 6452449.252334   1872124.919998
 6452453.007443   1872121.618589
 6452456.762551   1872118.317180
 6452460.517660   1872115.015772
 6452464.272768   1872111.714363
 6452468.027877   1872108.412954
 6452471.782985   1872105.111545
 6452475.538094   1872101.810137
 6452479.310493   1872098.483019
 6452483.056604   1872095.171425
 6452486.803761   1872091.861012
 6452490.550918   1872088.550599
 6452494.298075   1872085.240186
 6452498.045231   1872081.929773
 6452501.792388   1872078.619360
 6452505.539545   1872075.308947
 6452509.286702   1872071.998535
 6452513.006380   1872068.729223
 6452516.768233   1872065.435474
 6452520.536322   1872062.148899
 6452524.308913   1872058.867502
 6452528.081503   1872055.586106
 6452531.854094   1872052.304709
 6452535.626685   1872049.023313
 6452539.399275   1872045.741916
 6452543.171866   1872042.460520
 6452546.944456   1872039.179123
 6452550.649594   1872035.976118
 6452554.464876   1872032.744299
 6452558.327207   1872029.568753
 6452562.189538   1872026.393207
 6452566.051869   1872023.217661
 6452569.914200   1872020.042116
 6452573.776531   1872016.866570
 6452577.638862   1872013.691024
 6452581.501193   1872010.515478
 6452585.363524   1872007.339932
 6452589.190659   1872004.223859
 6452593.071108   1872001.070723
 6452596.951186   1871997.917133
 6452600.831202   1871994.763467
 6452604.711218   1871991.609800
 6452608.591234   1871988.456134
 6452612.471250   1871985.302467
 6452616.351266   1871982.148801
 6452620.231282   1871978.995135
 6452624.102545   1871975.853446
 6452627.986498   1871972.704647
 6452631.870451   1871969.555848
 6452635.754404   1871966.407048
 6452639.638358   1871963.258249
 6452643.522311   1871960.109450
 6452647.406264   1871956.960650
 6452651.290217   1871953.811851
 6452655.174170   1871950.663052
 6452659.058123   1871947.514252
 6452662.799589   1871944.590866
 6452666.752206   1871941.526944
 6452670.733921   1871938.502216
 6452674.739588   1871935.509750
 6452678.745255   1871932.517284
 6452682.750922   1871929.524818
 6452686.756589   1871926.532352
 6452690.762257   1871923.539886
 6452694.767924   1871920.547420
 6452698.773591   1871917.554954
 6452702.842413   1871914.423030
 6452706.800112   1871911.367301
 6452710.757811   1871908.311572
 6452714.715510   1871905.255842
 6452718.673209   1871902.200113
 6452722.630908   1871899.144384
 6452726.588607   1871896.088655
 6452730.546306   1871893.032925
 6452734.504005   1871889.977196
 6452738.412591   1871887.009665
 6452742.394869   1871883.986158
 6452746.377146   1871880.962651
 6452750.359423   1871877.939145
 6452754.339589   1871874.912844
 6452758.318613   1871871.885033
 6452762.297638   1871868.857223
 6452766.276663   1871865.829412
 6452770.255688   1871862.801602
 6452774.245829   1871859.763439
 6452778.220726   1871856.730242
 6452782.195623   1871853.697044
 6452786.170521   1871850.663847
 6452790.145418   1871847.630649
 6452794.120315   1871844.597451
 6452798.119414   1871841.596098
 6452802.130048   1871838.609923
 6452806.140682   1871835.623747
 6452810.151316   1871832.637571
 6452814.052902   1871829.818148
 6452818.111675   1871826.897974
 6452822.170448   1871823.977800
 6452826.229220   1871821.057627
 6452830.286662   1871818.135578
 6452834.336299   1871815.202531
 6452838.385936   1871812.269484
 6452842.435573   1871809.336437
 6452846.485210   1871806.403390
 6452850.574954   1871803.408293
 6452854.605358   1871800.449223
 6452858.635762   1871797.490153
 6452862.666166   1871794.531083
 6452866.696570   1871791.572013
 6452870.726974   1871788.612943
CENTERLINE
centerline1
483
 6451084.341173   1873422.863644
 6451087.555039   1873419.032865
 6451090.768904   1873415.202087
 6451093.982769   1873411.371308
 6451097.196634   1873407.540529
 6451100.316168   1873403.924503
 6451103.596125   1873400.150575
 6451106.876082   1873396.376646
 6451110.156039   1873392.602717
 6451113.435995   1873388.828788
 6451116.715952   1873385.054860
 6451119.995909   1873381.280931
 6451123.275866   1873377.507002
 6451126.555823   1873373.733074
 6451129.835780   1873369.959145
 6451133.101221   1873366.212339
 6451136.390401   1873362.446343
 6451139.679581   1873358.680348
 6451142.968760   1873354.914352
 6451146.281651   1873351.169383
 6451149.600792   1873347.429957
 6451152.919933   1873343.690531
 6451156.239074   1873339.951104
 6451159.558214   1873336.211678
 6451162.843175   1873332.532725
 6451166.183328   1873328.811967
 6451169.523481   1873325.091208
 6451172.863633   1873321.370449
 6451176.203786   1873317.649690
 6451179.543939   1873313.928931
 6451182.952961   1873310.270642
 6451186.375823   1873306.624907
 6451189.798685   1873302.979172
 6451193.221547   1873299.333437
 6451196.623524   1873295.736406
 6451200.060623   1873292.104506
 6451203.497723   1873288.472606
 6451206.934822   1873284.840706
 6451210.371922   1873281.208806
 6451213.809021   1873277.576906
 6451217.246121   1873273.945006
 6451220.683221   1873270.313107
 6451224.120320   1873266.681207
 6451227.557420   1873263.049307
 6451230.961564   1873259.468897
 6451234.414198   1873255.852091
 6451237.866832   1873252.235286
 6451241.319465   1873248.618481
 6451244.772099   1873245.001675
 6451248.224733   1873241.384870
 6451251.677367   1873237.768065
 6451255.130000   1873234.151259
 6451258.582634   1873230.534454
 6451261.945565   1873227.018891
 6451265.431267   1873223.434217
 6451268.916968   1873219.849543
 6451272.402670   1873216.264869
 6451275.888371   1873212.680194
 6451279.374073   1873209.095520
 6451282.859774   1873205.510846
 6451286.345476   1873201.926172
 6451289.831177   1873198.341498
 6451293.316879   1873194.756824
 6451296.690439   1873191.376859
 6451300.231305   1873187.845785
 6451303.772170   1873184.314712
 6451307.313036   1873180.783639
 6451310.853902   1873177.252566
 6451314.394767   1873173.721493
 6451317.935633   1873170.190420
 6451321.476499   1873166.659347
 6451325.017365   1873163.128274
 6451328.558230   1873159.597200
 6451332.078525   1873156.105502
 6451335.631081   1873152.585787
 6451339.183637   1873149.066071
 6451342.736193   1873145.546356
 6451346.288749   1873142.026641
 6451349.841305   1873138.506926
 6451353.393860   1873134.987211
 6451356.946416   1873131.467496
 6451360.498972   1873127.947781
 6451364.004006   1873124.481072
 6451367.579281   1873120.983429
 6451371.154557   1873117.485786
 6451374.732051   1873113.990529
 6451378.431591   1873110.626529
 6451382.131130   1873107.262529
 6451385.830670   1873103.898529
 6451389.530210   1873100.534528
 6451393.229749   1873097.170528
 6451396.929289   1873093.806528
 6451400.632082   1873090.437446
 6451404.329890   1873087.071499
 6451408.027699   1873083.705551
 6451411.725507   1873080.339604
 6451415.423316   1873076.973657
 6451419.121124   1873073.607710
 6451422.818933   1873070.241763
 6451426.516741   1873066.875815
 6451430.214549   1873063.509868
 6451433.912358   1873060.143921
 6451437.603605   1873056.791083
 6451441.305100   1873053.429282
 6451445.006595   1873050.067481
 6451448.708090   1873046.705680
 6451452.409585   1873043.343879
 6451456.111080   1873039.982078
 6451459.812575   1873036.620277
 6451463.514071   1873033.258475
 6451467.215566   1873029.896674
 6451470.848596   1873026.618768
 6451474.576858   1873023.287071
 6451478.305121   1873019.955373
 6451482.033384   1873016.623675
 6451485.761647   1873013.291977
 6451489.489909   1873009.960280
 6451493.218172   1873006.628582
 6451496.946435   1873003.296884
 6451500.674698   1872999.965187
 6451504.402960   1872996.633489
 6451508.071582   1872993.391043
 6451511.825396   1872990.088081
 6451515.579211   1872986.785118
 6451519.333025   1872983.482156
 6451523.086839   1872980.179194
 6451526.840653   1872976.876231
 6451530.594467   1872973.573269
 6451534.348281   1872970.270306
 6451538.102095   1872966.967344
 6451541.855909   1872963.664382
 6451545.620959   1872960.345049
 6451549.369841   1872957.036539
 6451553.118722   1872953.728029
 6451556.867604   1872950.419520
 6451560.616486   1872947.111010
 6451564.365367   1872943.802501
 6451568.114249   1872940.493991
 6451571.863130   1872937.185482
 6451575.612012   1872933.876972
 6451579.388072   1872930.542277
 6451583.127030   1872927.222607
 6451586.865988   1872923.902937
 6451590.604946   1872920.583268
 6451594.343904   1872917.263598
 6451598.082862   1872913.943928
 6451601.821820   1872910.624259
 6451605.560778   1872907.304589
 6451609.299736   1872903.984920
 6451613.038694   1872900.665250
 6451616.654840   1872897.476649
 6451620.441124   1872894.210202
 6451624.227408   1872890.943755
 6451628.013692   1872887.677308
 6451631.800220   1872884.411152
 6451635.600275   1872881.161159
 6451639.400329   1872877.911167
 6451643.200384   1872874.661175
 6451647.000438   1872871.411182
 6451650.800493   1872868.161190
 6451654.770993   1872864.659501
 6451658.485803   1872861.311969
 6451662.200614   1872857.964438
 6451665.915425   1872854.616907
 6451669.630235   1872851.269375
 6451673.345046   1872847.921844
 6451677.059856   1872844.574313
 6451680.774667   1872841.226781
 6451684.489478   1872837.879250
 6451688.204288   1872834.531718
 6451691.772336   1872831.365604
 6451695.536844   1872828.074827
 6451699.301351   1872824.784050
 6451703.065859   1872821.493273
 6451706.830366   1872818.202495
 6451710.594874   1872814.911718
 6451714.359381   1872811.620941
 6451718.123889   1872808.330164
 6451721.888396   1872805.039387
 6451725.713308   1872801.680460
 6451729.453640   1872798.362327
 6451733.193972   1872795.044194
 6451736.934304   1872791.726061
 6451740.674636   1872788.407928
 6451744.414968   1872785.089795
 6451748.155300   1872781.771663
 6451751.895632   1872778.453530
 6451755.638163   1872775.137866
 6451759.383586   1872771.825449
 6451763.029018   1872768.665087
 6451766.820428   1872765.405030
 6451770.611837   1872762.144972
 6451774.403247   1872758.884914
 6451778.194657   1872755.624856
 6451781.986067   1872752.364799
 6451785.777800   1872749.105125
 6451789.577620   1872745.855059
 6451793.377440   1872742.604993
 6451797.270340   1872739.260985
 6451801.033076   1872735.968249
 6451804.795812   1872732.675514
 6451808.558548   1872729.382778
 6451812.321284   1872726.090043
 6451816.084021   1872722.797308
 6451819.846757   1872719.504572
 6451823.609493   1872716.211837
 6451827.372229   1872712.919102
 6451831.134965   1872709.626366
 6451834.880080   1872706.351566
 6451838.649665   1872703.066712
 6451842.419251   1872699.781857
 6451846.188836   1872696.497003
 6451849.958422   1872693.212148
 6451853.728007   1872689.927294
 6451857.497592   1872686.642439
 6451861.267178   1872683.357585
 6451865.036763   1872680.072731
 6451868.806349   1872676.787876
 6451872.607784   1872673.471576
 6451876.365297   1872670.172831
 6451880.122810   1872666.874086
 6451883.880323   1872663.575341
 6451887.637837   1872660.276596
 6451891.395350   1872656.977851
 6451895.152863   1872653.679106
 6451898.910376   1872650.380361
 6451902.667890   1872647.081616
 6451906.425403   1872643.782871
 6451910.112416   1872640.579375
 6451913.900010   1872637.315242
 6451917.687604   1872634.051109
 6451921.475199   1872630.786976
 6451925.262793   1872627.522842
 6451929.050387   1872624.258709
 6451932.837981   1872620.994576
 6451936.625576   1872617.730443
 6451940.413170   1872614.466310
 6451944.200764   1872611.202177
 6451948.076522   1872607.795408
 6451951.821094   1872604.481773
 6451955.565667   1872601.168138
 6451959.310239   1872597.854503
 6451963.054812   1872594.540868
 6451966.799384   1872591.227233
 6451970.543956   1872587.913598
 6451974.288529   1872584.599963
 6451978.033101   1872581.286328
 6451981.701721   1872578.073345
 6451985.477344   1872574.795436
 6451989.252966   1872571.517527
 6451993.028588   1872568.239619
 6451996.804210   1872564.961710
 6452000.579832   1872561.683801
 6452004.355454   1872558.405893
 6452008.131076   1872555.127984
 6452011.906698   1872551.850076
 6452015.682320   1872548.572167
 6452019.542017   1872545.193233
 6452023.284852   1872541.877598
 6452027.027686   1872538.561963
 6452030.770520   1872535.246328
 6452034.513354   1872531.930693
 6452038.256188   1872528.615058
 6452041.999023   1872525.299423
 6452045.741857   1872521.983788
 6452049.484691   1872518.668153
 6452053.043912   1872515.514850
 6452056.844711   1872512.265910
 6452060.645509   1872509.016970
 6452064.446308   1872505.768029
 6452068.247106   1872502.519089
 6452072.047905   1872499.270149
 6452075.848703   1872496.021209
 6452079.649502   1872492.772269
 6452083.450300   1872489.523328
 6452087.251099   1872486.274388
 6452091.191293   1872482.901916
 6452094.945269   1872479.599102
 6452098.699246   1872476.296287
 6452102.453222   1872472.993473
 6452106.207199   1872469.690659
 6452109.961175   1872466.387844
 6452113.715152   1872463.085030
 6452117.469129   1872459.782216
 6452121.223105   1872456.479401
 6452124.977082   1872453.176587
 6452128.665495   1872449.959703
 6452132.444962   1872446.686218
 6452136.224428   1872443.412732
 6452140.003894   1872440.139246
 6452143.783360   1872436.865761
 6452147.562826   1872433.592275
 6452151.342292   1872430.318790
 6452155.121758   1872427.045304
 6452158.901224   1872423.771819
 6452162.680691   1872420.498333
 6452166.523791   1872417.109176
 6452170.268657   1872413.796030
 6452174.013524   1872410.482884
 6452177.758390   1872407.169738
 6452181.503257   1872403.856592
 6452185.248123   1872400.543446
 6452188.992989   1872397.230300
 6452192.737856   1872393.917154
 6452196.482722   1872390.604008
 6452200.227589   1872387.290862
 6452203.901223   1872384.102203
 6452207.677769   1872380.825315
 6452211.454315   1872377.548427
 6452215.230861   1872374.271539
 6452219.007407   1872370.994651
 6452222.783953   1872367.717763
 6452226.560499   1872364.440875
 6452230.337045   1872361.163987
 6452234.113591   1872357.887099
 6452237.893884   1872354.605778
 6452241.669056   1872351.327318
 6452245.444229   1872348.048859
 6452249.219402   1872344.770399
 6452252.994575   1872341.491940
 6452256.769748   1872338.213480
 6452260.544920   1872334.935021
 6452264.320093   1872331.656561
 6452268.095266   1872328.378101
 6452271.870439   1872325.099642
 6452275.697575   1872321.741747
 6452279.450405   1872318.437714
 6452283.203234   1872315.133682
 6452286.956064   1872311.829650
 6452290.708893   1872308.525618
 6452294.461723   1872305.221586
 6452298.214552   1872301.917554
 6452301.967382   1872298.613522
 6452305.720211   1872295.309490
 6452309.444811   1872292.034761
 6452313.207293   1872288.741776
 6452316.969774   1872285.448791
 6452320.732256   1872282.155806
 6452324.494737   1872278.862821
 6452328.257219   1872275.569836
 6452332.019701   1872272.276851
 6452335.782182   1872268.983866
 6452339.544664   1872265.690881
 6452343.307145   1872262.397896
 6452347.007334   1872259.186988
 6452350.793700   1872255.921340
 6452354.580067   1872252.655692
 6452358.366433   1872249.390044
 6452362.152799   1872246.124396
 6452365.939166   1872242.858748
 6452369.725532   1872239.593100
 6452373.511899   1872236.327452
 6452377.298265   1872233.061804
 6452381.084632   1872229.796156
 6452384.870998   1872226.530508
 6452388.657365   1872223.264859
 6452392.443731   1872219.999211
 6452396.230098   1872216.733563
 6452400.016464   1872213.467915
 6452403.802831   1872210.202267
 6452407.589197   1872206.936619
 6452411.375564   1872203.670971
 6452415.161930   1872200.405323
 6452419.112297   1872196.968652
 6452422.837331   1872193.632807
 6452426.562365   1872190.296962
 6452430.287400   1872186.961117
 6452434.012434   1872183.625273
 6452437.737469   1872180.289428
 6452441.462503   1872176.953583
 6452445.187537   1872173.617738
 6452448.912572   1872170.281894
 6452452.637606   1872166.946049
 6452456.126767   1872163.877198
 6452459.935610   1872160.637275
 6452463.744453   1872157.397351
 6452467.553296   1872154.157428
 6452471.362139   1872150.917504
 6452475.170982   1872147.677581
 6452478.979825   1872144.437657
 6452482.788668   1872141.197734
 6452486.597511   1872137.957810
 6452490.406354   1872134.717887
 6452494.377667   1872131.202877
 6452498.107343   1872127.872345
 6452501.837019   1872124.541813
 6452505.566695   1872121.211281
 6452509.296371   1872117.880748
 6452513.026047   1872114.550216
 6452516.755723   1872111.219684
 6452520.485399   1872107.889152
 6452524.215074   1872104.558620
 6452527.835938   1872101.354458
 6452531.605471   1872098.069544
 6452535.375004   1872094.784629
 6452539.144537   1872091.499715
 6452542.914070   1872088.214800
 6452546.683603   1872084.929886
 6452550.453136   1872081.644971
 6452554.222669   1872078.360057
 6452558.031417   1872075.120262
 6452561.860468   1872071.903825
 6452565.628290   1872068.774652
 6452569.480676   1872065.586965
 6452573.333062   1872062.399278
 6452577.185448   1872059.211592
 6452581.037835   1872056.023905
 6452584.890221   1872052.836218
 6452588.742607   1872049.648531
 6452592.594993   1872046.460844
 6452596.447379   1872043.273157
 6452600.299765   1872040.085471
 6452604.006400   1872037.074602
 6452607.906625   1872033.945853
 6452611.806849   1872030.817103
 6452615.707074   1872027.688353
 6452619.607299   1872024.559604
 6452623.507523   1872021.430854
 6452627.407748   1872018.302104
 6452631.307972   1872015.173355
 6452635.208197   1872012.044605
 6452639.120827   1872008.905750
 6452643.017512   1872005.772639
 6452646.914196   1872002.639528
 6452650.810881   1871999.506417
 6452654.707566   1871996.373307
 6452658.604250   1871993.240196
 6452662.500935   1871990.107085
 6452666.397620   1871986.973974
 6452670.294304   1871983.840863
 6452674.190989   1871980.707752
 6452678.087678   1871977.574637
 6452681.984362   1871974.441524
 6452685.881045   1871971.308411
 6452689.777728   1871968.175298
 6452693.674411   1871965.042186
 6452697.571094   1871961.909073
 6452701.467777   1871958.775960
 6452705.364460   1871955.642847
 6452709.261143   1871952.509734
 6452713.157826   1871949.376622
 6452716.994307   1871946.311253
 6452720.912115   1871943.204165
 6452724.829922   1871940.097077
 6452728.747729   1871936.989989
 6452732.665537   1871933.882901
 6452736.583344   1871930.775813
 6452740.501151   1871927.668725
 6452744.418959   1871924.561638
 6452748.393292   1871921.527507
 6452752.367624   1871918.493376
 6452756.202535   1871915.674655
 6452760.234128   1871912.716647
 6452764.265722   1871909.758639
 6452768.297315   1871906.800631
 6452772.328909   1871903.842623
 6452776.360502   1871900.884615
 6452780.392096   1871897.926608
 6452784.423689   1871894.968600
 6452788.455283   1871892.010592
 6452792.673333   1871888.875153
 6452796.638068   1871885.828263
 6452800.602804   1871882.781374
 6452804.567539   1871879.734484
 6452808.532274   1871876.687594
 6452812.497010   1871873.640705
 6452816.461745   1871870.593815
 6452820.426481   1871867.546925
 6452824.391216   1871864.500036
 6452828.169653   1871861.599727
 6452832.191631   1871858.628937
 6452836.213610   1871855.658148
 6452840.235589   1871852.687358
 6452844.257567   1871849.716568
 6452848.279546   1871846.745778
 6452852.301525   1871843.774989
 6452856.323503   1871840.804199
 6452860.345482   1871837.833409
 6452864.367460   1871834.862619
 6452868.389439   1871831.891830
 6452872.411418   1871828.921040
 6452876.433396   1871825.950250
 6452880.455375   1871822.979461
CENTERLINE
centerline2
490
 6451068.062914   1873424.036620
 6451071.237436   1873420.173651
 6451074.411957   1873416.310683
 6451077.586479   1873412.447714
 6451080.761001   1873408.584745
 6451083.935523   1873404.721776
 6451087.027934   1873401.021132
 6451090.294159   1873397.235083
 6451093.595243   1873393.479707
 6451096.896327   1873389.724331
 6451100.197411   1873385.968955
 6451103.498496   1873382.213579
 6451106.799580   1873378.458203
 6451110.100664   1873374.702826
 6451113.401748   1873370.947450
 6451116.702832   1873367.192074
 6451120.012679   1873363.409728
 6451123.307101   1873359.648486
 6451126.608480   1873355.893309
 6451129.909860   1873352.138133
 6451133.211240   1873348.382956
 6451136.512620   1873344.627779
 6451139.814000   1873340.872603
 6451143.115380   1873337.117426
 6451146.416760   1873333.362250
 6451149.724615   1873329.598547
 6451153.027091   1873325.844257
 6451156.346198   1873322.104408
 6451159.567872   1873318.536975
 6451162.948456   1873314.852890
 6451166.329040   1873311.168806
 6451169.709625   1873307.484722
 6451173.090209   1873303.800637
 6451176.470793   1873300.116553
 6451179.851377   1873296.432469
 6451183.296115   1873292.620026
 6451186.640559   1873288.902937
 6451189.990499   1873285.190706
 6451193.253293   1873281.658946
 6451196.664507   1873278.003188
 6451200.075721   1873274.347430
 6451203.486935   1873270.691673
 6451206.898149   1873267.035915
 6451210.309363   1873263.380157
 6451213.720577   1873259.724399
 6451217.210399   1873255.880888
 6451220.562079   1873252.170101
 6451223.719884   1873248.739727
 6451227.191794   1873245.140999
 6451230.663704   1873241.542270
 6451234.135614   1873237.943542
 6451237.607523   1873234.344813
 6451241.079433   1873230.746085
 6451244.551343   1873227.147357
 6451248.188824   1873223.328510
 6451251.564907   1873219.639912
 6451254.968181   1873215.975604
 6451258.205266   1873212.645900
 6451261.733507   1873209.102621
 6451265.261748   1873205.559342
 6451268.789989   1873202.016063
 6451272.318230   1873198.472784
 6451275.846471   1873194.929505
 6451279.374712   1873191.386226
 6451283.124412   1873187.434108
 6451286.522710   1873183.760748
 6451289.950147   1873180.112209
 6451293.137839   1873177.044275
 6451296.744890   1873173.581695
 6451300.351941   1873170.119116
 6451303.958992   1873166.656537
 6451307.566043   1873163.193958
 6451311.173094   1873159.731379
 6451314.765121   1873156.284519
 6451318.379122   1873152.829132
 6451321.995853   1873149.376631
 6451325.621063   1873145.933093
 6451329.246273   1873142.489554
 6451332.871483   1873139.046016
 6451336.496693   1873135.602478
 6451340.121902   1873132.158939
 6451343.747112   1873128.715401
 6451347.372322   1873125.271863
 6451351.020524   1873121.795490
 6451354.632945   1873118.338542
 6451358.257911   1873114.894660
 6451361.892295   1873111.460586
 6451365.526678   1873108.026512
 6451369.161062   1873104.592438
 6451372.795445   1873101.158364
 6451376.429829   1873097.724290
 6451380.064212   1873094.290216
 6451383.698596   1873090.856143
 6451387.271164   1873087.520705
 6451390.939388   1873084.123024
 6451394.605960   1873080.723552
 6451398.272531   1873077.324081
 6451401.939102   1873073.924609
 6451405.605674   1873070.525137
 6451409.272245   1873067.125665
 6451412.938816   1873063.726194
 6451416.605388   1873060.326722
 6451420.271959   1873056.927250
 6451423.916187   1873053.565534
 6451427.597251   1873050.181658
 6451431.280554   1873046.800245
 6451434.963856   1873043.418832
 6451438.647158   1873040.037418
 6451442.330461   1873036.656005
 6451446.013763   1873033.274592
 6451449.697065   1873029.893179
 6451453.380368   1873026.511766
 6451457.063670   1873023.130353
 6451460.746973   1873019.748940
 6451464.453246   1873016.392810
 6451468.178726   1873013.020792
 6451471.881209   1873009.660390
 6451475.583692   1873006.299987
 6451479.286175   1873002.939584
 6451482.988658   1872999.579181
 6451486.691141   1872996.218779
 6451490.393624   1872992.858376
 6451494.096107   1872989.497973
 6451497.802107   1872986.141405
 6451501.530592   1872982.809350
 6451505.187035   1872979.577303
 6451508.950865   1872976.285843
 6451512.714694   1872972.994384
 6451516.478524   1872969.702925
 6451520.242353   1872966.411465
 6451524.006183   1872963.120006
 6451527.770012   1872959.828546
 6451531.533842   1872956.537087
 6451535.297543   1872953.245481
 6451539.061607   1872949.943517
 6451542.818472   1872946.644122
 6451546.575336   1872943.344726
 6451550.332200   1872940.045330
 6451554.089065   1872936.745934
 6451557.845929   1872933.446538
 6451561.602794   1872930.147143
 6451565.359658   1872926.847747
 6451569.116523   1872923.548351
 6451572.868572   1872920.243487
 6451576.599259   1872916.950440
 6451580.353178   1872913.647645
 6451584.107097   1872910.344851
 6451587.861015   1872907.042057
 6451591.614934   1872903.739263
 6451595.368852   1872900.436468
 6451599.122771   1872897.133674
 6451602.876689   1872893.830880
 6451606.630608   1872890.528086
 6451610.412968   1872887.257864
 6451614.260153   1872883.947090
 6451618.039445   1872880.672287
 6451621.818737   1872877.397484
 6451625.598029   1872874.122681
 6451629.377322   1872870.847878
 6451633.156614   1872867.573075
 6451636.935906   1872864.298271
 6451640.715198   1872861.023468
 6451644.493619   1872857.747694
 6451648.186375   1872854.376424
 6451651.769609   1872851.191646
 6451655.518353   1872847.880632
 6451659.267097   1872844.569619
 6451663.015841   1872841.258605
 6451666.764584   1872837.947591
 6451670.513328   1872834.636577
 6451674.262072   1872831.325563
 6451678.010815   1872828.014549
 6451681.759559   1872824.703536
 6451685.649678   1872821.347630
 6451689.412238   1872818.054601
 6451693.174799   1872814.761572
 6451696.937360   1872811.468543
 6451700.699920   1872808.175515
 6451704.462481   1872804.882486
 6451708.225042   1872801.589457
 6451711.987602   1872798.296428
 6451715.750163   1872795.003399
 6451719.495770   1872791.691233
 6451723.183118   1872788.431220
 6451726.945558   1872785.137914
 6451730.707998   1872781.844607
 6451734.470438   1872778.551301
 6451738.232878   1872775.257994
 6451741.995319   1872771.964687
 6451745.757759   1872768.671381
 6451749.520199   1872765.378074
 6451753.285350   1872762.087918
 6451757.093245   1872758.847445
 6451760.960672   1872755.503666
 6451764.733090   1872752.221045
 6451768.505509   1872748.938424
 6451772.277927   1872745.655803
 6451776.050346   1872742.373182
 6451779.822764   1872739.090561
 6451783.595183   1872735.807940
 6451787.367602   1872732.525319
 6451791.117680   1872729.217859
 6451794.852273   1872725.893184
 6451798.576613   1872722.589860
 6451802.317425   1872719.272243
 6451806.058238   1872715.954627
 6451809.799051   1872712.637010
 6451813.539864   1872709.319393
 6451817.280677   1872706.001777
 6451821.021489   1872702.684160
 6451824.762302   1872699.366543
 6451828.507269   1872696.053580
 6451832.171504   1872692.842964
 6451835.954632   1872689.573609
 6451839.737760   1872686.304255
 6451843.520888   1872683.034900
 6451847.304016   1872679.765545
 6451851.087144   1872676.496191
 6451854.870273   1872673.226836
 6451858.653401   1872669.957482
 6451862.436529   1872666.688127
 6451866.213537   1872663.411612
 6451869.988696   1872660.120920
 6451873.757573   1872656.834990
 6451877.526451   1872653.549060
 6451881.295329   1872650.263130
 6451885.064206   1872646.977200
 6451888.833084   1872643.691270
 6451892.601961   1872640.405340
 6451896.370839   1872637.119410
 6451900.139716   1872633.833480
 6451903.936083   1872630.579621
 6451907.782090   1872627.247852
 6451911.553848   1872623.965187
 6451915.325605   1872620.682521
 6451919.097362   1872617.399855
 6451922.869120   1872614.117189
 6451926.640877   1872610.834524
 6451930.412635   1872607.551858
 6451934.184392   1872604.269192
 6451937.949265   1872600.978759
 6451941.696954   1872597.626012
 6451945.416823   1872594.284959
 6451949.136692   1872590.943906
 6451952.856560   1872587.602853
 6451956.576429   1872584.261799
 6451960.296298   1872580.920746
 6451964.016167   1872577.579693
 6451967.736036   1872574.238639
 6451971.455905   1872570.897586
 6451975.206163   1872567.590475
 6451978.923574   1872564.347365
 6451982.694313   1872561.063825
 6451986.465051   1872557.780286
 6451990.235790   1872554.496746
 6451994.006528   1872551.213206
 6451997.777267   1872547.929667
 6452001.548005   1872544.646127
 6452005.318744   1872541.362587
 6452009.089482   1872538.079047
 6452012.833712   1872534.765189
 6452016.520785   1872531.519446
 6452020.284486   1872528.226919
 6452024.048186   1872524.934393
 6452027.811886   1872521.641867
 6452031.575586   1872518.349340
 6452035.339286   1872515.056814
 6452039.102986   1872511.764287
 6452042.866686   1872508.471761
 6452046.651870   1872505.204586
 6452050.571753   1872501.881317
 6452054.348620   1872498.603910
 6452058.125487   1872495.326503
 6452061.902354   1872492.049096
 6452065.679221   1872488.771689
 6452069.456088   1872485.494282
 6452073.232955   1872482.216874
 6452077.009822   1872478.939467
 6452080.786689   1872475.662060
 6452084.542715   1872472.361382
 6452088.272922   1872469.029602
 6452092.001716   1872465.698512
 6452095.730509   1872462.367423
 6452099.459302   1872459.036334
 6452103.188095   1872455.705244
 6452106.916889   1872452.374155
 6452110.645682   1872449.043065
 6452114.374475   1872445.711976
 6452118.103268   1872442.380886
 6452121.857355   1872439.078025
 6452125.492079   1872435.960646
 6452129.305423   1872432.726408
 6452133.118766   1872429.492170
 6452136.932109   1872426.257933
 6452140.745453   1872423.023695
 6452144.558796   1872419.789457
 6452148.372139   1872416.555220
 6452152.185483   1872413.320982
 6452155.992086   1872410.078656
 6452159.902545   1872406.670125
 6452163.629035   1872403.336465
 6452167.355524   1872400.002805
 6452171.082014   1872396.669145
 6452174.808503   1872393.335486
 6452178.534993   1872390.001826
 6452182.261483   1872386.668166
 6452185.987972   1872383.334506
 6452189.714462   1872380.000846
 6452193.453105   1872376.680792
 6452197.146180   1872373.447261
 6452200.932107   1872370.181260
 6452204.718034   1872366.915258
 6452208.503961   1872363.649257
 6452212.289888   1872360.383256
 6452216.075815   1872357.117255
 6452219.861742   1872353.851254
 6452223.647669   1872350.585253
 6452227.433597   1872347.319252
 6452231.218450   1872344.052007
 6452234.988204   1872340.808968
 6452238.780883   1872337.550791
 6452242.573563   1872334.292613
 6452246.366242   1872331.034436
 6452250.158922   1872327.776258
 6452253.951601   1872324.518081
 6452257.744281   1872321.259904
 6452261.536960   1872318.001726
 6452265.327151   1872314.740638
 6452269.097759   1872311.456646
 6452272.885948   1872308.140680
 6452276.645841   1872304.844610
 6452280.405734   1872301.548540
 6452284.165626   1872298.252470
 6452287.925519   1872294.956399
 6452291.685412   1872291.660329
 6452295.445305   1872288.364259
 6452299.205198   1872285.068189
 6452302.970956   1872281.778890
 6452306.796334   1872278.434917
 6452310.539472   1872275.119868
 6452314.282610   1872271.804819
 6452318.025748   1872268.489771
 6452321.768886   1872265.174722
 6452325.512024   1872261.859673
 6452329.255162   1872258.544625
 6452332.998300   1872255.229576
 6452336.741438   1872251.914527
 6452340.508279   1872248.625973
 6452344.209385   1872245.416838
 6452348.007415   1872242.164890
 6452351.805446   1872238.912943
 6452355.603476   1872235.660995
 6452359.401507   1872232.409048
 6452363.199537   1872229.157100
 6452366.997568   1872225.905153
 6452370.795598   1872222.653205
 6452374.593629   1872219.401258
 6452378.391659   1872216.149310
 6452382.257147   1872212.785610
 6452386.018701   1872209.490817
 6452389.780255   1872206.196023
 6452393.541809   1872202.901229
 6452397.303362   1872199.606435
 6452401.064916   1872196.311641
 6452404.826470   1872193.016847
 6452408.588024   1872189.722054
 6452412.309495   1872186.382778
 6452416.008631   1872183.018716
 6452419.666678   1872179.728920
 6452423.388380   1872176.389444
 6452427.110082   1872173.049968
 6452430.831783   1872169.710492
 6452434.553485   1872166.371016
 6452438.275187   1872163.031540
 6452441.996888   1872159.692063
 6452445.718590   1872156.352587
 6452449.503152   1872153.084772
 6452453.306003   1872149.845074
 6452457.113069   1872146.603004
 6452460.920136   1872143.360935
 6452464.727203   1872140.118866
 6452468.534269   1872136.876797
 6452472.341336   1872133.634727
 6452476.148403   1872130.392658
 6452479.955470   1872127.150589
 6452483.744852   1872123.888325
 6452487.419686   1872120.606214
 6452491.167404   1872117.295450
 6452494.915122   1872113.984687
 6452498.662841   1872110.673923
 6452502.410559   1872107.363159
 6452506.158277   1872104.052395
 6452509.905995   1872100.741632
 6452513.653713   1872097.430868
 6452517.401431   1872094.120104
 6452521.178855   1872090.844085
 6452524.968029   1872087.576806
 6452528.754160   1872084.310987
 6452532.540290   1872081.045169
 6452536.326421   1872077.779350
 6452540.112551   1872074.513532
 6452543.898682   1872071.247713
 6452547.684812   1872067.981895
 6452551.470942   1872064.716076
 6452555.260792   1872061.454602
 6452559.071011   1872058.216924
 6452562.903728   1872054.953096
 6452566.703700   1872051.703269
 6452570.503672   1872048.453442
 6452574.303644   1872045.203615
 6452578.103616   1872041.953788
 6452581.903588   1872038.703960
 6452585.703560   1872035.454133
 6452589.503532   1872032.204306
 6452593.303504   1872028.954479
 6452597.152241   1872025.760890
 6452600.793330   1872022.865271
 6452604.736502   1872019.790693
 6452608.679673   1872016.716115
 6452612.622845   1872013.641538
 6452616.566017   1872010.566960
 6452620.509189   1872007.492382
 6452624.452361   1872004.417805
 6452628.442539   1872001.261879
 6452632.360068   1871998.154956
 6452636.275100   1871995.044881
 6452640.190132   1871991.934806
 6452644.105163   1871988.824731
 6452648.020195   1871985.714656
 6452651.935227   1871982.604581
 6452655.850258   1871979.494505
 6452659.765290   1871976.384430
 6452663.699702   1871973.255999
 6452667.607135   1871970.136384
 6452671.514568   1871967.016767
 6452675.422000   1871963.897150
 6452679.329432   1871960.777533
 6452683.236863   1871957.657916
 6452687.144295   1871954.538299
 6452691.051727   1871951.418682
 6452694.959159   1871948.299065
 6452698.866591   1871945.179448
 6452702.692684   1871942.160022
 6452706.635748   1871939.085142
 6452710.592587   1871936.028307
 6452714.555997   1871932.980078
 6452718.519407   1871929.931850
 6452722.482817   1871926.883621
 6452726.446228   1871923.835393
 6452730.409638   1871920.787164
 6452734.373048   1871917.738936
 6452738.336458   1871914.690707
 6452742.300233   1871911.642025
 6452746.273169   1871908.606275
 6452750.294245   1871905.633566
 6452754.315320   1871902.660858
 6452758.336396   1871899.688150
 6452762.357472   1871896.715442
 6452766.378548   1871893.742733
 6452770.399624   1871890.770025
 6452774.420700   1871887.797317
 6452778.441775   1871884.824608
 6452782.478480   1871881.830301
 6452786.457862   1871878.802854
 6452790.404806   1871875.733301
 6452794.351750   1871872.663747
 6452798.298693   1871869.594194
 6452802.245637   1871866.524641
 6452806.192580   1871863.455088
 6452810.139524   1871860.385535
 6452814.086467   1871857.315982
 6452817.951772   1871854.333568
 6452821.944846   1871851.323967
 6452825.979638   1871848.370844
 6452830.014429   1871845.417721
 6452834.049220   1871842.464598
 6452838.084011   1871839.511475
 6452842.118803   1871836.558352
 6452846.153594   1871833.605229
 6452850.188385   1871830.652106
 6452854.223176   1871827.698983
 6452858.212077   1871824.809592
 6452862.265315   1871821.881904
 6452866.318553   1871818.954216
 6452870.371790   1871816.026529
 6452874.425028   1871813.098841
 6452878.478266   1871810.171153
 6452882.531504   1871807.243465
 6452886.584742   1871804.315778
 6452890.637979   1871801.388090
CENTERLINE
auxilliary
291
 6451246.850111   1873118.670697
 6451251.466692   1873116.736684
 6451256.009271   1873114.646626
 6451260.474795   1873112.394088
 6451264.940320   1873110.141550
 6451269.887650   1873107.087155
 6451274.069646   1873104.346293
 6451278.189916   1873101.675627
 6451282.697652   1873098.722172
 6451286.785325   1873095.842529
 6451290.824161   1873092.894658
 6451294.862997   1873089.946788
 6451298.901833   1873086.998917
 6451302.940669   1873084.051046
 6451307.129016   1873080.889392
 6451311.100043   1873077.850803
 6451315.067815   1873074.808042
 6451319.035588   1873071.765281
 6451323.003361   1873068.722520
 6451326.971134   1873065.679759
 6451330.938906   1873062.636997
 6451334.899764   1873059.585368
 6451338.808156   1873056.466450
 6451342.716548   1873053.347532
 6451346.624940   1873050.228613
 6451350.533332   1873047.109695
 6451354.441724   1873043.990777
 6451358.418163   1873040.770175
 6451362.296037   1873037.613887
 6451366.173912   1873034.457599
 6451370.051787   1873031.301311
 6451373.929565   1873028.144904
 6451377.807196   1873024.988316
 6451381.684827   1873021.831728
 6451385.562459   1873018.675140
 6451389.440090   1873015.518552
 6451393.317721   1873012.361964
 6451397.195353   1873009.205376
 6451401.120581   1873005.968851
 6451404.971141   1873002.779232
 6451408.817360   1872999.584419
 6451412.663579   1872996.389606
 6451416.509799   1872993.194793
 6451420.356018   1872989.999980
 6451424.202237   1872986.805167
 6451428.048456   1872983.610354
 6451431.896225   1872980.417395
 6451435.751072   1872977.232904
 6451439.605919   1872974.048414
 6451443.460766   1872970.863924
 6451447.315613   1872967.679434
 6451451.170460   1872964.494944
 6451455.025307   1872961.310453
 6451458.880154   1872958.125963
 6451462.735001   1872954.941473
 6451466.589848   1872951.756983
 6451470.450561   1872948.567376
 6451474.267003   1872945.336989
 6451478.075781   1872942.097454
 6451481.884558   1872938.857919
 6451485.693335   1872935.618384
 6451489.502112   1872932.378849
 6451493.381339   1872929.023948
 6451497.156381   1872925.745340
 6451500.931422   1872922.466731
 6451504.699558   1872919.180218
 6451508.465968   1872915.891729
 6451512.232377   1872912.603239
 6451515.998787   1872909.314750
 6451519.765196   1872906.026261
 6451523.507572   1872902.710262
 6451527.271813   1872899.419290
 6451531.036053   1872896.128318
 6451534.800294   1872892.837346
 6451538.564535   1872889.546374
 6451542.328775   1872886.255402
 6451546.093016   1872882.964430
 6451549.857256   1872879.673458
 6451553.621497   1872876.382486
 6451557.385737   1872873.091514
 6451561.149978   1872869.800542
 6451564.914218   1872866.509570
 6451568.678459   1872863.218599
 6451572.442699   1872859.927627
 6451576.206940   1872856.636655
 6451579.977071   1872853.337562
 6451583.738725   1872850.043633
 6451587.500378   1872846.749704
 6451591.262031   1872843.455775
 6451595.023685   1872840.161846
 6451598.785338   1872836.867917
 6451602.546991   1872833.573988
 6451606.308645   1872830.280059
 6451610.070298   1872826.986130
 6451613.831951   1872823.692201
 6451617.593605   1872820.398272
 6451621.355258   1872817.104343
 6451625.116911   1872813.810413
 6451628.878565   1872810.516484
 6451632.640218   1872807.222555
 6451636.401871   1872803.928626
 6451640.163525   1872800.634697
 6451643.925178   1872797.340768
 6451647.686831   1872794.046839
 6451651.448485   1872790.752910
 6451655.210138   1872787.458981
 6451658.971791   1872784.165052
 6451662.733445   1872780.871123
 6451666.495098   1872777.577194
 6451670.256751   1872774.283265
 6451674.018405   1872770.989336
 6451677.780058   1872767.695406
 6451681.541711   1872764.401477
 6451685.303365   1872761.107548
 6451689.055064   1872757.824985
 6451692.820640   1872754.535539
 6451696.586215   1872751.246093
 6451700.351791   1872747.956647
 6451704.117367   1872744.667201
 6451707.882942   1872741.377755
 6451711.648518   1872738.088309
 6451715.414094   1872734.798863
 6451719.179669   1872731.509417
 6451722.945245   1872728.219971
 6451726.710821   1872724.930525
 6451730.476396   1872721.641079
 6451734.241972   1872718.351633
 6451738.007547   1872715.062187
 6451741.773123   1872711.772741
 6451745.538699   1872708.483295
 6451749.304274   1872705.193849
 6451753.069850   1872701.904403
 6451756.835426   1872698.614957
 6451760.601001   1872695.325512
 6451764.366577   1872692.036066
 6451768.132153   1872688.746620
 6451771.897728   1872685.457174
 6451775.663304   1872682.167728
 6451779.428880   1872678.878282
 6451783.196028   1872675.586294
 6451786.960844   1872672.295979
 6451790.725660   1872669.005664
 6451794.490475   1872665.715350
 6451798.255291   1872662.425035
 6451802.020107   1872659.134721
 6451805.784923   1872655.844406
 6451809.549738   1872652.554092
 6451813.314554   1872649.263777
 6451817.079370   1872645.973463
 6451820.844185   1872642.683148
 6451824.609001   1872639.392834
 6451828.373817   1872636.102519
 6451832.138633   1872632.812204
 6451835.903448   1872629.521890
 6451839.668264   1872626.231575
 6451843.433080   1872622.941261
 6451847.197896   1872619.650946
 6451850.962711   1872616.360632
 6451854.727527   1872613.070317
 6451858.492343   1872609.780003
 6451862.257158   1872606.489688
 6451866.021974   1872603.199374
 6451869.786790   1872599.909059
 6451873.551606   1872596.618744
 6451877.316421   1872593.328430
 6451881.081237   1872590.038115
 6451885.049180   1872586.517043
 6451888.555427   1872583.295917
 6451892.301268   1872579.983915
 6451896.047109   1872576.671912
 6451899.792949   1872573.359910
 6451903.538790   1872570.047907
 6451907.284631   1872566.735905
 6451911.030472   1872563.423902
 6451914.776312   1872560.111900
 6451918.522153   1872556.799897
 6451922.267994   1872553.487895
 6451926.013835   1872550.175893
 6451929.759675   1872546.863890
 6451933.505516   1872543.551888
 6451937.251357   1872540.239885
 6451940.892136   1872537.052842
 6451944.678055   1872533.786649
 6451948.463975   1872530.520455
 6451952.249894   1872527.254261
 6451956.035813   1872523.988068
 6451959.821733   1872520.721874
 6451963.607652   1872517.455680
 6451967.393572   1872514.189486
 6451971.179491   1872510.923293
 6451974.965410   1872507.657099
 6451978.751330   1872504.390905
 6451982.537249   1872501.124712
 6451986.323168   1872497.858518
 6451990.109088   1872494.592324
 6451993.994012   1872491.214809
 6451997.740286   1872487.903302
 6452001.486559   1872484.591794
 6452005.232833   1872481.280287
 6452008.979107   1872477.968779
 6452012.725380   1872474.657271
 6452016.471654   1872471.345764
 6452020.217928   1872468.034256
 6452023.964201   1872464.722748
 6452027.710475   1872461.411241
 6452031.456749   1872458.099733
 6452035.203022   1872454.788226
 6452038.949296   1872451.476718
 6452042.695570   1872448.165210
 6452046.403297   1872444.810541
 6452050.129037   1872441.476041
 6452053.854777   1872438.141541
 6452057.580517   1872434.807041
 6452061.306257   1872431.472541
 6452065.084818   1872428.065214
 6452068.787693   1872424.705221
 6452072.490568   1872421.345228
 6452076.193443   1872417.985235
 6452079.896318   1872414.625243
 6452083.595610   1872411.261347
 6452087.285395   1872407.887095
 6452090.975181   1872404.512843
 6452094.664966   1872401.138591
 6452098.354751   1872397.764339
 6452102.044536   1872394.390087
 6452105.941346   1872390.825410
 6452109.559820   1872387.372874
 6452113.141508   1872383.883527
 6452116.718650   1872380.389630
 6452120.295792   1872376.895733
 6452123.872933   1872373.401836
 6452127.450075   1872369.907939
 6452131.027217   1872366.414042
 6452134.604358   1872362.920145
 6452138.220934   1872359.349612
 6452141.778469   1872355.835176
 6452145.336004   1872352.320740
 6452148.840609   1872348.754527
 6452152.342501   1872345.185660
 6452155.844392   1872341.616793
 6452159.346284   1872338.047925
 6452162.845350   1872334.476294
 6452166.342695   1872330.902979
 6452169.840041   1872327.329665
 6452173.337386   1872323.756350
 6452176.834732   1872320.183036
 6452180.332077   1872316.609721
 6452183.829423   1872313.036407
 6452187.326768   1872309.463092
 6452190.824113   1872305.889778
 6452194.321459   1872302.316463
 6452197.818804   1872298.743149
 6452201.316150   1872295.169834
 6452204.813495   1872291.596520
 6452208.396689   1872287.905422
 6452211.859587   1872284.298374
 6452215.322484   1872280.691326
 6452218.778933   1872277.078209
 6452222.221795   1872273.452304
 6452225.664657   1872269.826398
 6452229.107518   1872266.200493
 6452232.550380   1872262.574588
 6452235.993242   1872258.948683
 6452239.436104   1872255.322778
 6452242.878965   1872251.696873
 6452246.321827   1872248.070968
 6452249.764689   1872244.445062
 6452253.207551   1872240.819157
 6452256.652200   1872237.194934
 6452260.100878   1872233.574504
 6452263.549557   1872229.954073
 6452267.016409   1872226.307176
 6452270.457927   1872222.679842
 6452273.899446   1872219.052509
 6452277.340964   1872215.425176
 6452280.782482   1872211.797842
 6452284.224001   1872208.170509
 6452287.649283   1872204.528016
 6452291.067157   1872200.878605
 6452294.485031   1872197.229195
 6452297.902905   1872193.579785
 6452301.320779   1872189.930374
 6452304.738653   1872186.280964
 6452308.156527   1872182.631554
 6452311.574401   1872178.982143
 6452314.992275   1872175.332733
 6452318.410149   1872171.683323
 6452321.828022   1872168.033912
 6452325.640335   1872163.750762
 6452328.897787   1872159.950589
 6452332.155239   1872156.150416
CENTERLINE
centerline3
488
 6451064.987709   1873410.137447
 6451068.232958   1873406.332856
 6451071.478208   1873402.528266
 6451074.747956   1873398.655710
 6451077.983266   1873394.843404
 6451081.263943   1873391.070072
 6451084.544621   1873387.296740
 6451087.825299   1873383.523407
 6451091.105977   1873379.750075
 6451094.386655   1873375.976743
 6451097.692124   1873372.141870
 6451100.951241   1873368.349566
 6451104.116320   1873364.681090
 6451107.427430   1873360.934536
 6451110.732723   1873357.182818
 6451114.034998   1873353.428422
 6451117.337273   1873349.674026
 6451120.639548   1873345.919629
 6451123.941823   1873342.165233
 6451127.244098   1873338.410836
 6451130.546373   1873334.656440
 6451133.848649   1873330.902044
 6451137.150924   1873327.147647
 6451140.453199   1873323.393251
 6451143.752383   1873319.636111
 6451147.051157   1873315.878607
 6451150.364583   1873312.134108
 6451153.725443   1873308.431714
 6451157.086303   1873304.729320
 6451160.499627   1873300.937094
 6451163.826336   1873297.202997
 6451167.153045   1873293.468899
 6451170.369195   1873290.027326
 6451173.776987   1873286.368277
 6451177.152056   1873282.678245
 6451180.527125   1873278.988214
 6451183.922657   1873275.317556
 6451187.358265   1873271.684843
 6451190.793872   1873268.052129
 6451194.379628   1873264.101075
 6451197.702862   1873260.362193
 6451200.764982   1873256.983307
 6451204.227017   1873253.375559
 6451207.663938   1873249.743330
 6451211.064083   1873246.075253
 6451214.464227   1873242.407176
 6451217.952827   1873238.825322
 6451221.458995   1873235.260593
 6451224.965162   1873231.695865
 6451228.471330   1873228.131136
 6451231.977498   1873224.566407
 6451235.483666   1873221.001678
 6451238.989834   1873217.436949
 6451242.417707   1873213.795900
 6451245.829738   1873210.139410
 6451249.270468   1873206.510894
 6451252.800216   1873202.969151
 6451256.329964   1873199.427407
 6451259.859712   1873195.885663
 6451263.389460   1873192.343920
 6451266.919208   1873188.802176
 6451270.448956   1873185.260433
 6451273.950546   1873181.691241
 6451277.320378   1873177.993617
 6451280.690211   1873174.295993
 6451284.168714   1873170.704297
 6451287.724163   1873167.187606
 6451291.279612   1873163.670915
 6451294.815790   1873160.195643
 6451298.384691   1873156.693058
 6451301.800673   1873153.362989
 6451305.439858   1873149.934106
 6451309.083101   1873146.509583
 6451312.729103   1873143.088022
 6451316.375104   1873139.666461
 6451320.021105   1873136.244900
 6451323.667106   1873132.823338
 6451327.353162   1873129.358626
 6451330.980743   1873125.917594
 6451334.608325   1873122.476563
 6451338.235907   1873119.035532
 6451341.863488   1873115.594500
 6451345.478828   1873112.140598
 6451349.093639   1873108.686140
 6451352.708450   1873105.231682
 6451356.323261   1873101.777224
 6451359.938072   1873098.322766
 6451363.552883   1873094.868307
 6451367.167694   1873091.413849
 6451370.755652   1873088.026267
 6451374.391423   1873084.593638
 6451378.030974   1873081.165081
 6451381.700674   1873077.769001
 6451385.370375   1873074.372921
 6451389.040075   1873070.976841
 6451392.709776   1873067.580761
 6451396.379476   1873064.184681
 6451400.049176   1873060.788601
 6451403.709419   1873057.403904
 6451407.383760   1873054.012854
 6451411.058101   1873050.621805
 6451414.734395   1873047.232870
 6451418.421672   1873043.855832
 6451422.108949   1873040.478793
 6451425.796226   1873037.101755
 6451429.483503   1873033.724716
 6451433.170780   1873030.347678
 6451436.858057   1873026.970639
 6451440.525735   1873023.616612
 6451444.222177   1873020.249662
 6451447.918620   1873016.882712
 6451451.615062   1873013.515762
 6451455.311505   1873010.148812
 6451459.007947   1873006.781861
 6451462.697033   1873003.406856
 6451466.385492   1873000.031163
 6451470.073950   1872996.655469
 6451473.716708   1872993.383124
 6451477.436875   1872990.042001
 6451481.157042   1872986.700878
 6451484.877209   1872983.359755
 6451488.597376   1872980.018632
 6451492.317543   1872976.677509
 6451496.037710   1872973.336386
 6451499.792430   1872970.034557
 6451503.548152   1872966.733866
 6451507.341471   1872963.395729
 6451511.080245   1872960.075744
 6451514.819020   1872956.755759
 6451518.557794   1872953.435773
 6451522.296569   1872950.115788
 6451526.035343   1872946.795803
 6451529.774118   1872943.475818
 6451533.511689   1872940.154492
 6451537.248368   1872936.832173
 6451540.985047   1872933.509854
 6451544.687244   1872930.228555
 6451548.440101   1872926.924608
 6451552.192958   1872923.620661
 6451555.945815   1872920.316714
 6451559.698671   1872917.012767
 6451563.451528   1872913.708819
 6451567.204385   1872910.404872
 6451570.961877   1872907.106192
 6451574.721630   1872903.810079
 6451578.481383   1872900.513966
 6451582.226084   1872897.235286
 6451585.992728   1872893.947065
 6451589.759371   1872890.658844
 6451593.526014   1872887.370623
 6451597.292658   1872884.082402
 6451601.059301   1872880.794181
 6451604.825944   1872877.505960
 6451608.571375   1872874.193434
 6451612.315997   1872870.879983
 6451616.060619   1872867.566531
 6451619.789831   1872864.276704
 6451623.542996   1872860.972776
 6451627.296162   1872857.668847
 6451631.049327   1872854.364919
 6451634.802492   1872851.060991
 6451638.555658   1872847.757063
 6451642.318840   1872844.464731
 6451646.125812   1872841.223092
 6451649.932784   1872837.981453
 6451653.775712   1872834.704832
 6451657.567023   1872831.444533
 6451661.358334   1872828.184235
 6451665.149645   1872824.923936
 6451668.940956   1872821.663638
 6451672.732266   1872818.403339
 6451676.523577   1872815.143041
 6451680.283004   1872811.846551
 6451684.030205   1872808.536183
 6451687.777405   1872805.225816
 6451691.558409   1872801.880903
 6451695.291061   1872798.554112
 6451699.023713   1872795.227321
 6451702.756365   1872791.900531
 6451706.489017   1872788.573740
 6451710.221669   1872785.246949
 6451713.954321   1872781.920159
 6451717.705858   1872778.614428
 6451721.462697   1872775.314612
 6451725.156239   1872772.079408
 6451728.938757   1872768.809438
 6451732.721275   1872765.539468
 6451736.503792   1872762.269498
 6451740.286310   1872758.999529
 6451744.068828   1872755.729559
 6451747.851346   1872752.459589
 6451751.627491   1872749.182284
 6451755.373868   1872745.870709
 6451759.120245   1872742.559135
 6451762.883999   1872739.229220
 6451766.622958   1872735.909398
 6451770.361918   1872732.589577
 6451774.100877   1872729.269756
 6451777.839836   1872725.949934
 6451781.578795   1872722.630113
 6451785.317754   1872719.310292
 6451789.059387   1872715.993520
 6451792.804548   1872712.680775
 6451796.549710   1872709.368031
 6451800.270572   1872706.089624
 6451804.028389   1872702.791056
 6451807.786205   1872699.492487
 6451811.544022   1872696.193919
 6451815.301838   1872692.895351
 6451819.059655   1872689.596783
 6451822.817471   1872686.298215
 6451826.603412   1872683.032230
 6451830.396348   1872679.774350
 6451834.189284   1872676.516470
 6451837.982221   1872673.258591
 6451841.775157   1872670.000711
 6451845.568093   1872666.742831
 6451849.361030   1872663.484952
 6451853.153966   1872660.227072
 6451856.946902   1872656.969193
 6451860.739256   1872653.710638
 6451864.529936   1872650.450145
 6451868.320617   1872647.189652
 6451872.111297   1872643.929159
 6451875.945680   1872640.591000
 6451879.710462   1872637.300292
 6451883.475245   1872634.009584
 6451887.240027   1872630.718876
 6451891.004809   1872627.428168
 6451894.769591   1872624.137460
 6451898.528699   1872620.840386
 6451902.265857   1872617.518685
 6451906.003015   1872614.196983
 6451909.734015   1872610.886518
 6451913.474748   1872607.568850
 6451917.215481   1872604.251183
 6451920.956214   1872600.933515
 6451924.696947   1872597.615847
 6451928.437680   1872594.298180
 6451932.178413   1872590.980512
 6451935.913580   1872587.656572
 6451939.646002   1872584.329539
 6451943.275129   1872581.108739
 6451947.051729   1872577.831047
 6451950.828329   1872574.553356
 6451954.604929   1872571.275664
 6451958.381529   1872567.997972
 6451962.158130   1872564.720281
 6451965.934730   1872561.442589
 6451969.716228   1872558.170721
 6451973.511796   1872554.915578
 6451977.307364   1872551.660436
 6451981.238803   1872548.283072
 6451984.972903   1872544.957628
 6451988.707003   1872541.632184
 6451992.441103   1872538.306740
 6451996.175202   1872534.981296
 6451999.909302   1872531.655852
 6452003.643402   1872528.330408
 6452007.378839   1872525.006439
 6452011.138895   1872521.709612
 6452014.898951   1872518.412784
 6452018.618962   1872515.170101
 6452022.398541   1872511.896310
 6452026.178119   1872508.622520
 6452029.957697   1872505.348730
 6452033.737276   1872502.074940
 6452037.516854   1872498.801149
 6452041.296433   1872495.527359
 6452045.047630   1872492.221509
 6452048.781890   1872488.896527
 6452052.516151   1872485.571545
 6452056.201842   1872482.343517
 6452059.965324   1872479.051164
 6452063.728806   1872475.758811
 6452067.492289   1872472.466458
 6452071.255771   1872469.174105
 6452075.019253   1872465.881752
 6452078.782735   1872462.589399
 6452082.545887   1872459.296660
 6452086.308943   1872456.003808
 6452090.071999   1872452.710955
 6452093.861793   1872449.353890
 6452097.604627   1872446.038470
 6452101.347461   1872442.723050
 6452105.090295   1872439.407630
 6452108.833128   1872436.092210
 6452112.575962   1872432.776790
 6452116.326613   1872429.470297
 6452120.128557   1872426.222380
 6452123.930500   1872422.974462
 6452127.725358   1872419.737111
 6452131.531104   1872416.493757
 6452135.336851   1872413.250402
 6452139.142597   1872410.007048
 6452142.948343   1872406.763693
 6452146.754089   1872403.520339
 6452150.559836   1872400.276985
 6452154.328006   1872396.990513
 6452158.077271   1872393.682347
 6452161.832350   1872390.368896
 6452165.579208   1872387.058036
 6452169.326065   1872383.747176
 6452173.072922   1872380.436316
 6452176.819780   1872377.125456
 6452180.566637   1872373.814596
 6452184.313495   1872370.503736
 6452188.060352   1872367.192876
 6452191.823459   1872363.900607
 6452195.597898   1872360.621304
 6452199.389365   1872357.326196
 6452203.156609   1872354.038563
 6452206.923854   1872350.750929
 6452210.691099   1872347.463296
 6452214.458343   1872344.175662
 6452218.225588   1872340.888029
 6452221.992833   1872337.600395
 6452225.761514   1872334.314391
 6452229.536976   1872331.036076
 6452233.312438   1872327.757761
 6452237.015780   1872324.589633
 6452240.828265   1872321.354619
 6452244.640749   1872318.119606
 6452248.453234   1872314.884592
 6452252.265719   1872311.649579
 6452256.078203   1872308.414566
 6452259.890688   1872305.179552
 6452263.701436   1872301.942477
 6452267.503518   1872298.695110
 6452271.305600   1872295.447743
 6452275.209824   1872292.071969
 6452278.962194   1872288.767215
 6452282.714565   1872285.462461
 6452286.466936   1872282.157707
 6452290.219307   1872278.852953
 6452293.971677   1872275.548199
 6452297.724048   1872272.243445
 6452301.458761   1872268.918970
 6452305.184455   1872265.584423
 6452308.923822   1872262.234461
 6452312.643412   1872258.893091
 6452316.363002   1872255.551720
 6452320.082592   1872252.210350
 6452323.802182   1872248.868980
 6452327.521772   1872245.527610
 6452331.241363   1872242.186240
 6452334.960953   1872238.844870
 6452338.707284   1872235.533146
 6452342.458585   1872232.226932
 6452346.108119   1872229.058364
 6452349.906384   1872225.806689
 6452353.704650   1872222.555015
 6452357.502916   1872219.303340
 6452361.301182   1872216.051666
 6452365.099447   1872212.799992
 6452368.897713   1872209.548317
 6452372.690465   1872206.290164
 6452376.452241   1872202.995617
 6452380.214018   1872199.701070
 6452384.009116   1872196.345347
 6452387.750989   1872193.028712
 6452391.492862   1872189.712078
 6452395.234736   1872186.395443
 6452398.976609   1872183.078809
 6452402.718482   1872179.762174
 6452406.460355   1872176.445540
 6452410.207741   1872173.135228
 6452413.971550   1872169.843754
 6452417.737635   1872166.550255
 6452421.500477   1872163.257679
 6452425.263319   1872159.965103
 6452429.026161   1872156.672527
 6452432.789004   1872153.379951
 6452436.551846   1872150.087375
 6452440.314688   1872146.794799
 6452444.077578   1872143.502278
 6452447.841802   1872140.211285
 6452451.606027   1872136.920293
 6452455.390982   1872133.606634
 6452459.145427   1872130.304475
 6452462.899873   1872127.002316
 6452466.654318   1872123.700157
 6452470.408764   1872120.397997
 6452474.163209   1872117.095838
 6452477.917655   1872113.793679
 6452481.682144   1872110.502889
 6452485.456186   1872107.222914
 6452489.230228   1872103.942938
 6452493.002295   1872100.667253
 6452496.777648   1872097.388810
 6452500.553000   1872094.110367
 6452504.328353   1872090.831924
 6452508.103705   1872087.553481
 6452511.879057   1872084.275038
 6452515.654410   1872080.996595
 6452519.428922   1872077.717199
 6452523.203291   1872074.437642
 6452526.953263   1872071.186785
 6452530.738274   1872067.919659
 6452534.523286   1872064.652534
 6452538.308297   1872061.385408
 6452542.093309   1872058.118283
 6452545.878321   1872054.851157
 6452549.663332   1872051.584032
 6452553.448344   1872048.316907
 6452557.225134   1872045.040335
 6452560.840188   1872041.901306
 6452564.674213   1872038.690749
 6452568.508238   1872035.480193
 6452572.342263   1872032.269636
 6452576.176288   1872029.059079
 6452580.010313   1872025.848522
 6452583.844338   1872022.637966
 6452587.678363   1872019.427409
 6452591.516864   1872016.222389
 6452595.445491   1872013.128842
 6452599.374117   1872010.035296
 6452603.303606   1872006.940481
 6452607.231816   1872003.846391
 6452611.160026   1872000.752300
 6452615.088236   1871997.658210
 6452619.010550   1871994.556833
 6452622.913794   1871991.431880
 6452626.817038   1871988.306928
 6452630.720282   1871985.181975
 6452634.623525   1871982.057022
 6452638.526769   1871978.932070
 6452642.430013   1871975.807117
 6452646.333256   1871972.682164
 6452650.236500   1871969.557212
 6452654.139744   1871966.432259
 6452658.038742   1871963.302058
 6452661.934315   1871960.167623
 6452665.829887   1871957.033188
 6452669.725460   1871953.898752
 6452673.621033   1871950.764317
 6452677.380097   1871947.796161
 6452681.331233   1871944.731154
 6452685.282370   1871941.666146
 6452689.233506   1871938.601138
 6452693.184643   1871935.536130
 6452697.162200   1871932.506269
 6452701.147718   1871929.486999
 6452705.133236   1871926.467729
 6452709.143140   1871923.416720
 6452713.117999   1871920.383488
 6452717.092858   1871917.350256
 6452721.067717   1871914.317023
 6452725.042576   1871911.283791
 6452729.017435   1871908.250559
 6452732.992294   1871905.217327
 6452736.967022   1871902.183924
 6452740.941719   1871899.150478
 6452744.916415   1871896.117032
 6452748.891111   1871893.083587
 6452752.865807   1871890.050141
 6452756.840503   1871887.016696
 6452760.822693   1871883.973565
 6452764.794115   1871880.935832
 6452768.765537   1871877.898099
 6452772.736333   1871874.859549
 6452776.701245   1871871.813318
 6452780.666156   1871868.767087
 6452784.631067   1871865.720856
 6452788.595978   1871862.674624
 6452792.560889   1871859.628393
 6452796.525800   1871856.582162
 6452800.490711   1871853.535931
 6452804.375468   1871850.596594
 6452808.376415   1871847.597137
 6452812.395621   1871844.622714
 6452816.426409   1871841.664171
 6452820.457196   1871838.705628
 6452824.487984   1871835.747085
 6452828.518772   1871832.788542
 6452832.549560   1871829.829999
 6452836.605479   1871826.850000
 6452840.626891   1871823.878763
 6452844.648302   1871820.907527
 6452848.670676   1871817.937591
 6452852.710763   1871814.991624
 6452856.750851   1871812.045656
 6452860.790939   1871809.099689
 6452864.831027   1871806.153722
 6452868.871115   1871803.207755
 6452872.911203   1871800.261788
 6452876.951291   1871797.315821
 6452880.991378   1871794.369854
